  -1198.00  0.0000e+00
  -1196.00  0.0000e+00
  -1194.00  0.0000e+00
  -1192.00  0.0000e+00
  -1190.00  0.0000e+00
  -1188.00  0.0000e+00
  -1186.00  0.0000e+00
  -1184.00  0.0000e+00
  -1182.00  0.0000e+00
  -1180.00  0.0000e+00
  -1178.00  0.0000e+00
  -1176.00  0.0000e+00
  -1174.00  0.0000e+00
  -1172.00  0.0000e+00
  -1170.00  0.0000e+00
  -1168.00  0.0000e+00
  -1166.00  0.0000e+00
  -1164.00  0.0000e+00
  -1162.00  0.0000e+00
  -1160.00  0.0000e+00
  -1158.00  0.0000e+00
  -1156.00  0.0000e+00
  -1154.00  0.0000e+00
  -1152.00  0.0000e+00
  -1150.00  0.0000e+00
  -1148.00  0.0000e+00
  -1146.00  0.0000e+00
  -1144.00  0.0000e+00
  -1142.00  0.0000e+00
  -1140.00  0.0000e+00
  -1138.00  0.0000e+00
  -1136.00  0.0000e+00
  -1134.00  0.0000e+00
  -1132.00  0.0000e+00
  -1130.00  0.0000e+00
  -1128.00  0.0000e+00
  -1126.00  0.0000e+00
  -1124.00  0.0000e+00
  -1122.00  0.0000e+00
  -1120.00  0.0000e+00
  -1118.00  0.0000e+00
  -1116.00  0.0000e+00
  -1114.00  0.0000e+00
  -1112.00  0.0000e+00
  -1110.00  0.0000e+00
  -1108.00  0.0000e+00
  -1106.00  0.0000e+00
  -1104.00  0.0000e+00
  -1102.00  0.0000e+00
  -1100.00  0.0000e+00
  -1098.00  0.0000e+00
  -1096.00  0.0000e+00
  -1094.00  0.0000e+00
  -1092.00  0.0000e+00
  -1090.00  0.0000e+00
  -1088.00  0.0000e+00
  -1086.00  0.0000e+00
  -1084.00  0.0000e+00
  -1082.00  0.0000e+00
  -1080.00  0.0000e+00
  -1078.00  0.0000e+00
  -1076.00  0.0000e+00
  -1074.00  0.0000e+00
  -1072.00  0.0000e+00
  -1070.00  0.0000e+00
  -1068.00  0.0000e+00
  -1066.00  0.0000e+00
  -1064.00  0.0000e+00
  -1062.00  0.0000e+00
  -1060.00  0.0000e+00
  -1058.00  0.0000e+00
  -1056.00  0.0000e+00
  -1054.00  0.0000e+00
  -1052.00  0.0000e+00
  -1050.00  0.0000e+00
  -1048.00  0.0000e+00
  -1046.00  0.0000e+00
  -1044.00  0.0000e+00
  -1042.00  0.0000e+00
  -1040.00  0.0000e+00
  -1038.00  0.0000e+00
  -1036.00  0.0000e+00
  -1034.00  0.0000e+00
  -1032.00  0.0000e+00
  -1030.00  0.0000e+00
  -1028.00  0.0000e+00
  -1026.00  0.0000e+00
  -1024.00  0.0000e+00
  -1022.00  0.0000e+00
  -1020.00  0.0000e+00
  -1018.00  0.0000e+00
  -1016.00  0.0000e+00
  -1014.00  0.0000e+00
  -1012.00  0.0000e+00
  -1010.00  0.0000e+00
  -1008.00  0.0000e+00
  -1006.00  0.0000e+00
  -1004.00  0.0000e+00
  -1002.00  0.0000e+00
  -1000.00  0.0000e+00
   -998.00  0.0000e+00
   -996.00  0.0000e+00
   -994.00  0.0000e+00
   -992.00  0.0000e+00
   -990.00  0.0000e+00
   -988.00  0.0000e+00
   -986.00  0.0000e+00
   -984.00  0.0000e+00
   -982.00  0.0000e+00
   -980.00  0.0000e+00
   -978.00  0.0000e+00
   -976.00  0.0000e+00
   -974.00  0.0000e+00
   -972.00  0.0000e+00
   -970.00  0.0000e+00
   -968.00  0.0000e+00
   -966.00  0.0000e+00
   -964.00  0.0000e+00
   -962.00  0.0000e+00
   -960.00  0.0000e+00
   -958.00  0.0000e+00
   -956.00  0.0000e+00
   -954.00  0.0000e+00
   -952.00  0.0000e+00
   -950.00  0.0000e+00
   -948.00  0.0000e+00
   -946.00  0.0000e+00
   -944.00  0.0000e+00
   -942.00  0.0000e+00
   -940.00  0.0000e+00
   -938.00  0.0000e+00
   -936.00  0.0000e+00
   -934.00  0.0000e+00
   -932.00  0.0000e+00
   -930.00  0.0000e+00
   -928.00  0.0000e+00
   -926.00  0.0000e+00
   -924.00  0.0000e+00
   -922.00  0.0000e+00
   -920.00  0.0000e+00
   -918.00  0.0000e+00
   -916.00  0.0000e+00
   -914.00  0.0000e+00
   -912.00  0.0000e+00
   -910.00  0.0000e+00
   -908.00  0.0000e+00
   -906.00  0.0000e+00
   -904.00  0.0000e+00
   -902.00  0.0000e+00
   -900.00  0.0000e+00
   -898.00  0.0000e+00
   -896.00  0.0000e+00
   -894.00  0.0000e+00
   -892.00  0.0000e+00
   -890.00  0.0000e+00
   -888.00  0.0000e+00
   -886.00  0.0000e+00
   -884.00  0.0000e+00
   -882.00  0.0000e+00
   -880.00  0.0000e+00
   -878.00  0.0000e+00
   -876.00  0.0000e+00
   -874.00  0.0000e+00
   -872.00  0.0000e+00
   -870.00  0.0000e+00
   -868.00  0.0000e+00
   -866.00  0.0000e+00
   -864.00  0.0000e+00
   -862.00  0.0000e+00
   -860.00  0.0000e+00
   -858.00  0.0000e+00
   -856.00  0.0000e+00
   -854.00  0.0000e+00
   -852.00  0.0000e+00
   -850.00  0.0000e+00
   -848.00  0.0000e+00
   -846.00  0.0000e+00
   -844.00  0.0000e+00
   -842.00  0.0000e+00
   -840.00  0.0000e+00
   -838.00  0.0000e+00
   -836.00  0.0000e+00
   -834.00  0.0000e+00
   -832.00  0.0000e+00
   -830.00  0.0000e+00
   -828.00  0.0000e+00
   -826.00  0.0000e+00
   -824.00  0.0000e+00
   -822.00  0.0000e+00
   -820.00  0.0000e+00
   -818.00  0.0000e+00
   -816.00  0.0000e+00
   -814.00  0.0000e+00
   -812.00  0.0000e+00
   -810.00  0.0000e+00
   -808.00  0.0000e+00
   -806.00  0.0000e+00
   -804.00  0.0000e+00
   -802.00  0.0000e+00
   -800.00  0.0000e+00
   -798.00  0.0000e+00
   -796.00  0.0000e+00
   -794.00  0.0000e+00
   -792.00  0.0000e+00
   -790.00  0.0000e+00
   -788.00  0.0000e+00
   -786.00  0.0000e+00
   -784.00  6.9444e-05
   -782.00  0.0000e+00
   -780.00  0.0000e+00
   -778.00  0.0000e+00
   -776.00  0.0000e+00
   -774.00  0.0000e+00
   -772.00  0.0000e+00
   -770.00  0.0000e+00
   -768.00  0.0000e+00
   -766.00  0.0000e+00
   -764.00  0.0000e+00
   -762.00  0.0000e+00
   -760.00  0.0000e+00
   -758.00  0.0000e+00
   -756.00  0.0000e+00
   -754.00  0.0000e+00
   -752.00  0.0000e+00
   -750.00  0.0000e+00
   -748.00  0.0000e+00
   -746.00  0.0000e+00
   -744.00  0.0000e+00
   -742.00  0.0000e+00
   -740.00  0.0000e+00
   -738.00  0.0000e+00
   -736.00  0.0000e+00
   -734.00  0.0000e+00
   -732.00  0.0000e+00
   -730.00  0.0000e+00
   -728.00  0.0000e+00
   -726.00  0.0000e+00
   -724.00  0.0000e+00
   -722.00  0.0000e+00
   -720.00  6.9444e-05
   -718.00  0.0000e+00
   -716.00  6.9444e-05
   -714.00  0.0000e+00
   -712.00  0.0000e+00
   -710.00  0.0000e+00
   -708.00  6.9444e-05
   -706.00  0.0000e+00
   -704.00  0.0000e+00
   -702.00  0.0000e+00
   -700.00  0.0000e+00
   -698.00  6.9444e-05
   -696.00  0.0000e+00
   -694.00  0.0000e+00
   -692.00  0.0000e+00
   -690.00  0.0000e+00
   -688.00  6.9444e-05
   -686.00  0.0000e+00
   -684.00  0.0000e+00
   -682.00  0.0000e+00
   -680.00  0.0000e+00
   -678.00  0.0000e+00
   -676.00  0.0000e+00
   -674.00  6.9444e-05
   -672.00  6.9444e-05
   -670.00  0.0000e+00
   -668.00  0.0000e+00
   -666.00  0.0000e+00
   -664.00  0.0000e+00
   -662.00  0.0000e+00
   -660.00  6.9444e-05
   -658.00  6.9444e-05
   -656.00  6.9444e-05
   -654.00  6.9444e-05
   -652.00  0.0000e+00
   -650.00  0.0000e+00
   -648.00  0.0000e+00
   -646.00  0.0000e+00
   -644.00  0.0000e+00
   -642.00  6.9444e-05
   -640.00  0.0000e+00
   -638.00  6.9444e-05
   -636.00  6.9444e-05
   -634.00  0.0000e+00
   -632.00  0.0000e+00
   -630.00  0.0000e+00
   -628.00  6.9444e-05
   -626.00  0.0000e+00
   -624.00  6.9444e-05
   -622.00  0.0000e+00
   -620.00  1.3889e-04
   -618.00  0.0000e+00
   -616.00  0.0000e+00
   -614.00  0.0000e+00
   -612.00  1.3889e-04
   -610.00  0.0000e+00
   -608.00  0.0000e+00
   -606.00  6.9444e-05
   -604.00  6.9444e-05
   -602.00  6.9444e-05
   -600.00  0.0000e+00
   -598.00  6.9444e-05
   -596.00  6.9444e-05
   -594.00  0.0000e+00
   -592.00  6.9444e-05
   -590.00  0.0000e+00
   -588.00  0.0000e+00
   -586.00  0.0000e+00
   -584.00  0.0000e+00
   -582.00  6.9444e-05
   -580.00  6.9444e-05
   -578.00  0.0000e+00
   -576.00  6.9444e-05
   -574.00  6.9444e-05
   -572.00  0.0000e+00
   -570.00  0.0000e+00
   -568.00  1.3889e-04
   -566.00  1.3889e-04
   -564.00  1.3889e-04
   -562.00  0.0000e+00
   -560.00  6.9444e-05
   -558.00  1.3889e-04
   -556.00  0.0000e+00
   -554.00  6.9444e-05
   -552.00  1.3889e-04
   -550.00  2.0833e-04
   -548.00  0.0000e+00
   -546.00  6.9444e-05
   -544.00  6.9444e-05
   -542.00  0.0000e+00
   -540.00  0.0000e+00
   -538.00  2.0833e-04
   -536.00  6.9444e-05
   -534.00  1.3889e-04
   -532.00  1.3889e-04
   -530.00  6.9444e-05
   -528.00  0.0000e+00
   -526.00  0.0000e+00
   -524.00  1.3889e-04
   -522.00  6.9444e-05
   -520.00  1.3889e-04
   -518.00  2.7778e-04
   -516.00  0.0000e+00
   -514.00  1.3889e-04
   -512.00  0.0000e+00
   -510.00  6.9444e-05
   -508.00  2.0833e-04
   -506.00  6.9444e-05
   -504.00  6.9444e-05
   -502.00  6.9444e-05
   -500.00  6.9444e-05
   -498.00  1.3889e-04
   -496.00  1.3889e-04
   -494.00  6.9444e-05
   -492.00  6.9444e-05
   -490.00  6.9444e-05
   -488.00  1.3889e-04
   -486.00  6.9444e-05
   -484.00  1.3889e-04
   -482.00  0.0000e+00
   -480.00  0.0000e+00
   -478.00  0.0000e+00
   -476.00  6.9444e-05
   -474.00  0.0000e+00
   -472.00  6.9444e-05
   -470.00  0.0000e+00
   -468.00  6.9444e-05
   -466.00  1.3889e-04
   -464.00  2.0833e-04
   -462.00  6.9444e-05
   -460.00  2.0833e-04
   -458.00  2.0833e-04
   -456.00  2.0833e-04
   -454.00  6.9444e-05
   -452.00  6.9444e-05
   -450.00  6.9444e-05
   -448.00  0.0000e+00
   -446.00  0.0000e+00
   -444.00  6.9444e-05
   -442.00  0.0000e+00
   -440.00  3.4722e-04
   -438.00  2.0833e-04
   -436.00  1.3889e-04
   -434.00  6.9444e-05
   -432.00  2.7778e-04
   -430.00  0.0000e+00
   -428.00  2.0833e-04
   -426.00  3.4722e-04
   -424.00  6.9444e-05
   -422.00  2.0833e-04
   -420.00  2.0833e-04
   -418.00  2.7778e-04
   -416.00  2.0833e-04
   -414.00  2.0833e-04
   -412.00  4.1667e-04
   -410.00  6.9444e-05
   -408.00  2.0833e-04
   -406.00  6.9444e-05
   -404.00  2.0833e-04
   -402.00  1.3889e-04
   -400.00  4.8611e-04
   -398.00  1.3889e-04
   -396.00  1.3889e-04
   -394.00  2.7778e-04
   -392.00  1.3889e-04
   -390.00  2.0833e-04
   -388.00  3.4722e-04
   -386.00  1.3889e-04
   -384.00  2.7778e-04
   -382.00  1.3889e-04
   -380.00  1.3889e-04
   -378.00  6.9444e-05
   -376.00  3.4722e-04
   -374.00  2.7778e-04
   -372.00  2.0833e-04
   -370.00  6.9444e-05
   -368.00  2.7778e-04
   -366.00  2.7778e-04
   -364.00  6.9444e-05
   -362.00  4.1667e-04
   -360.00  6.9444e-05
   -358.00  0.0000e+00
   -356.00  2.0833e-04
   -354.00  1.3889e-04
   -352.00  2.7778e-04
   -350.00  0.0000e+00
   -348.00  2.7778e-04
   -346.00  2.0833e-04
   -344.00  1.3889e-04
   -342.00  6.9444e-05
   -340.00  1.3889e-04
   -338.00  6.9444e-05
   -336.00  1.3889e-04
   -334.00  1.3889e-04
   -332.00  1.3889e-04
   -330.00  2.0833e-04
   -328.00  6.9444e-05
   -326.00  6.9444e-05
   -324.00  6.9444e-05
   -322.00  6.9444e-05
   -320.00  2.0833e-04
   -318.00  2.0833e-04
   -316.00  6.9444e-05
   -314.00  3.4722e-04
   -312.00  6.9444e-05
   -310.00  2.7778e-04
   -308.00  6.9444e-05
   -306.00  1.3889e-04
   -304.00  2.0833e-04
   -302.00  2.7778e-04
   -300.00  2.0833e-04
   -298.00  6.9444e-05
   -296.00  2.0833e-04
   -294.00  2.7778e-04
   -292.00  3.4722e-04
   -290.00  0.0000e+00
   -288.00  2.7778e-04
   -286.00  4.1667e-04
   -284.00  2.0833e-04
   -282.00  2.0833e-04
   -280.00  2.0833e-04
   -278.00  6.9444e-05
   -276.00  3.4722e-04
   -274.00  4.1667e-04
   -272.00  1.3889e-04
   -270.00  6.9444e-05
   -268.00  0.0000e+00
   -266.00  2.0833e-04
   -264.00  2.7778e-04
   -262.00  6.9444e-05
   -260.00  2.7778e-04
   -258.00  1.3889e-04
   -256.00  0.0000e+00
   -254.00  2.0833e-04
   -252.00  1.3889e-04
   -250.00  4.1667e-04
   -248.00  2.7778e-04
   -246.00  2.0833e-04
   -244.00  6.9444e-05
   -242.00  6.9444e-05
   -240.00  2.0833e-04
   -238.00  3.4722e-04
   -236.00  6.9444e-05
   -234.00  1.3889e-04
   -232.00  0.0000e+00
   -230.00  2.0833e-04
   -228.00  6.9444e-04
   -226.00  1.3889e-04
   -224.00  0.0000e+00
   -222.00  5.5556e-04
   -220.00  2.0833e-04
   -218.00  2.0833e-04
   -216.00  6.9444e-05
   -214.00  2.0833e-04
   -212.00  2.7778e-04
   -210.00  2.7778e-04
   -208.00  2.7778e-04
   -206.00  6.9444e-05
   -204.00  1.3889e-04
   -202.00  1.3889e-04
   -200.00  3.4722e-04
   -198.00  2.0833e-04
   -196.00  2.0833e-04
   -194.00  2.7778e-04
   -192.00  6.9444e-05
   -190.00  1.3889e-04
   -188.00  2.7778e-04
   -186.00  0.0000e+00
   -184.00  2.7778e-04
   -182.00  4.8611e-04
   -180.00  2.0833e-04
   -178.00  2.0833e-04
   -176.00  2.0833e-04
   -174.00  4.1667e-04
   -172.00  6.9444e-05
   -170.00  1.3889e-04
   -168.00  2.7778e-04
   -166.00  4.1667e-04
   -164.00  4.8611e-04
   -162.00  2.0833e-04
   -160.00  2.7778e-04
   -158.00  4.1667e-04
   -156.00  4.1667e-04
   -154.00  4.1667e-04
   -152.00  5.5556e-04
   -150.00  3.4722e-04
   -148.00  3.4722e-04
   -146.00  2.7778e-04
   -144.00  3.4722e-04
   -142.00  4.1667e-04
   -140.00  2.7778e-04
   -138.00  5.5556e-04
   -136.00  4.8611e-04
   -134.00  4.8611e-04
   -132.00  4.8611e-04
   -130.00  3.4722e-04
   -128.00  4.1667e-04
   -126.00  5.5556e-04
   -124.00  4.8611e-04
   -122.00  5.5556e-04
   -120.00  5.5556e-04
   -118.00  3.4722e-04
   -116.00  4.8611e-04
   -114.00  4.8611e-04
   -112.00  5.5556e-04
   -110.00  2.7778e-04
   -108.00  5.5556e-04
   -106.00  6.2500e-04
   -104.00  5.5556e-04
   -102.00  4.8611e-04
   -100.00  7.6389e-04
    -98.00  4.1667e-04
    -96.00  4.8611e-04
    -94.00  6.2500e-04
    -92.00  6.9444e-04
    -90.00  6.2500e-04
    -88.00  4.8611e-04
    -86.00  6.9444e-04
    -84.00  5.5556e-04
    -82.00  5.5556e-04
    -80.00  3.4722e-04
    -78.00  6.2500e-04
    -76.00  4.1667e-04
    -74.00  2.7778e-04
    -72.00  4.1667e-04
    -70.00  6.2500e-04
    -68.00  4.1667e-04
    -66.00  4.1667e-04
    -64.00  5.5556e-04
    -62.00  3.4722e-04
    -60.00  2.0833e-04
    -58.00  4.1667e-04
    -56.00  4.8611e-04
    -54.00  4.8611e-04
    -52.00  3.4722e-04
    -50.00  4.1667e-04
    -48.00  3.4722e-04
    -46.00  4.1667e-04
    -44.00  4.1667e-04
    -42.00  6.2500e-04
    -40.00  4.1667e-04
    -38.00  4.1667e-04
    -36.00  4.8611e-04
    -34.00  2.7778e-04
    -32.00  3.4722e-04
    -30.00  4.1667e-04
    -28.00  2.7778e-04
    -26.00  3.4722e-04
    -24.00  3.4722e-04
    -22.00  5.5556e-04
    -20.00  2.7778e-04
    -18.00  4.1667e-04
    -16.00  3.4722e-04
    -14.00  4.1667e-04
    -12.00  2.7778e-04
    -10.00  2.7778e-04
     -8.00  2.7778e-04
     -6.00  2.0833e-04
     -4.00  2.0833e-04
     -2.00  6.9444e-05
      0.00  1.0000e+00
      0.00  0.0000e+00
      2.00  1.3889e-04
      4.00  1.3889e-04
      6.00  2.0833e-04
      8.00  2.0833e-04
     10.00  3.4722e-04
     12.00  3.4722e-04
     14.00  5.5556e-04
     16.00  5.5556e-04
     18.00  4.8611e-04
     20.00  6.9444e-04
     22.00  6.2500e-04
     24.00  8.3333e-04
     26.00  6.9444e-04
     28.00  6.9444e-04
     30.00  9.7222e-04
     32.00  9.0278e-04
     34.00  7.6389e-04
     36.00  8.3333e-04
     38.00  9.7222e-04
     40.00  9.0278e-04
     42.00  9.7222e-04
     44.00  9.7222e-04
     46.00  8.3333e-04
     48.00  8.3333e-04
     50.00  9.7222e-04
     52.00  9.0278e-04
     54.00  8.3333e-04
     56.00  9.0278e-04
     58.00  9.0278e-04
     60.00  6.9444e-04
     62.00  7.6389e-04
     64.00  9.0278e-04
     66.00  8.3333e-04
     68.00  9.0278e-04
     70.00  7.6389e-04
     72.00  6.9444e-04
     74.00  8.3333e-04
     76.00  7.6389e-04
     78.00  9.0278e-04
     80.00  8.3333e-04
     82.00  7.6389e-04
     84.00  7.6389e-04
     86.00  7.6389e-04
     88.00  6.2500e-04
     90.00  6.9444e-04
     92.00  6.2500e-04
     94.00  6.2500e-04
     96.00  6.2500e-04
     98.00  5.5556e-04
    100.00  6.9444e-04
    102.00  9.0278e-04
    104.00  6.2500e-04
    106.00  6.2500e-04
    108.00  5.5556e-04
    110.00  6.9444e-04
    112.00  7.6389e-04
    114.00  6.2500e-04
    116.00  5.5556e-04
    118.00  4.8611e-04
    120.00  6.9444e-04
    122.00  5.5556e-04
    124.00  6.2500e-04
    126.00  4.8611e-04
    128.00  6.2500e-04
    130.00  6.9444e-04
    132.00  6.2500e-04
    134.00  6.9444e-04
    136.00  4.1667e-04
    138.00  5.5556e-04
    140.00  4.8611e-04
    142.00  4.8611e-04
    144.00  3.4722e-04
    146.00  6.2500e-04
    148.00  4.1667e-04
    150.00  3.4722e-04
    152.00  4.1667e-04
    154.00  4.8611e-04
    156.00  4.1667e-04
    158.00  4.1667e-04
    160.00  6.2500e-04
    162.00  3.4722e-04
    164.00  5.5556e-04
    166.00  4.1667e-04
    168.00  4.8611e-04
    170.00  4.1667e-04
    172.00  3.4722e-04
    174.00  4.8611e-04
    176.00  4.8611e-04
    178.00  4.1667e-04
    180.00  6.9444e-04
    182.00  7.6389e-04
    184.00  4.1667e-04
    186.00  4.1667e-04
    188.00  3.4722e-04
    190.00  7.6389e-04
    192.00  4.1667e-04
    194.00  5.5556e-04
    196.00  4.1667e-04
    198.00  5.5556e-04
    200.00  5.5556e-04
    202.00  4.1667e-04
    204.00  5.5556e-04
    206.00  4.8611e-04
    208.00  4.8611e-04
    210.00  6.9444e-04
    212.00  4.8611e-04
    214.00  6.9444e-04
    216.00  5.5556e-04
    218.00  9.7222e-04
    220.00  4.1667e-04
    222.00  5.5556e-04
    224.00  4.8611e-04
    226.00  7.6389e-04
    228.00  6.2500e-04
    230.00  5.5556e-04
    232.00  6.2500e-04
    234.00  5.5556e-04
    236.00  5.5556e-04
    238.00  5.5556e-04
    240.00  6.2500e-04
    242.00  5.5556e-04
    244.00  6.9444e-04
    246.00  6.9444e-04
    248.00  6.2500e-04
    250.00  2.7778e-04
    252.00  4.8611e-04
    254.00  5.5556e-04
    256.00  6.9444e-04
    258.00  4.1667e-04
    260.00  7.6389e-04
    262.00  6.2500e-04
    264.00  6.2500e-04
    266.00  4.1667e-04
    268.00  9.0278e-04
    270.00  4.1667e-04
    272.00  6.2500e-04
    274.00  4.8611e-04
    276.00  7.6389e-04
    278.00  5.5556e-04
    280.00  9.7222e-04
    282.00  5.5556e-04
    284.00  6.9444e-04
    286.00  7.6389e-04
    288.00  7.6389e-04
    290.00  7.6389e-04
    292.00  7.6389e-04
    294.00  5.5556e-04
    296.00  6.9444e-04
    298.00  7.6389e-04
    300.00  4.8611e-04
    302.00  4.1667e-04
    304.00  7.6389e-04
    306.00  9.7222e-04
    308.00  8.3333e-04
    310.00  6.2500e-04
    312.00  8.3333e-04
    314.00  6.2500e-04
    316.00  8.3333e-04
    318.00  7.6389e-04
    320.00  9.0278e-04
    322.00  4.8611e-04
    324.00  7.6389e-04
    326.00  6.2500e-04
    328.00  8.3333e-04
    330.00  6.2500e-04
    332.00  4.1667e-04
    334.00  6.2500e-04
    336.00  9.0278e-04
    338.00  4.8611e-04
    340.00  6.9444e-04
    342.00  7.6389e-04
    344.00  2.7778e-04
    346.00  5.5556e-04
    348.00  6.2500e-04
    350.00  6.2500e-04
    352.00  4.1667e-04
    354.00  4.1667e-04
    356.00  6.2500e-04
    358.00  6.2500e-04
    360.00  6.2500e-04
    362.00  9.0278e-04
    364.00  7.6389e-04
    366.00  5.5556e-04
    368.00  5.5556e-04
    370.00  3.4722e-04
    372.00  3.4722e-04
    374.00  2.7778e-04
    376.00  6.9444e-04
    378.00  3.4722e-04
    380.00  5.5556e-04
    382.00  8.3333e-04
    384.00  6.9444e-04
    386.00  5.5556e-04
    388.00  4.1667e-04
    390.00  7.6389e-04
    392.00  1.3889e-04
    394.00  2.7778e-04
    396.00  5.5556e-04
    398.00  4.1667e-04
    400.00  4.1667e-04
    402.00  2.7778e-04
    404.00  4.1667e-04
    406.00  4.8611e-04
    408.00  2.7778e-04
    410.00  2.0833e-04
    412.00  4.1667e-04
    414.00  2.0833e-04
    416.00  4.8611e-04
    418.00  3.4722e-04
    420.00  7.6389e-04
    422.00  2.7778e-04
    424.00  2.0833e-04
    426.00  3.4722e-04
    428.00  2.7778e-04
    430.00  2.0833e-04
    432.00  5.5556e-04
    434.00  6.9444e-04
    436.00  2.0833e-04
    438.00  2.7778e-04
    440.00  1.3889e-04
    442.00  3.4722e-04
    444.00  2.7778e-04
    446.00  2.7778e-04
    448.00  2.0833e-04
    450.00  1.3889e-04
    452.00  3.4722e-04
    454.00  6.9444e-05
    456.00  5.5556e-04
    458.00  1.3889e-04
    460.00  4.1667e-04
    462.00  2.0833e-04
    464.00  3.4722e-04
    466.00  2.7778e-04
    468.00  1.3889e-04
    470.00  2.7778e-04
    472.00  2.0833e-04
    474.00  3.4722e-04
    476.00  5.5556e-04
    478.00  3.4722e-04
    480.00  2.7778e-04
    482.00  4.1667e-04
    484.00  2.7778e-04
    486.00  2.0833e-04
    488.00  0.0000e+00
    490.00  3.4722e-04
    492.00  3.4722e-04
    494.00  2.7778e-04
    496.00  6.9444e-05
    498.00  2.7778e-04
    500.00  2.0833e-04
    502.00  2.7778e-04
    504.00  2.7778e-04
    506.00  0.0000e+00
    508.00  1.3889e-04
    510.00  3.4722e-04
    512.00  4.1667e-04
    514.00  6.9444e-05
    516.00  2.0833e-04
    518.00  2.0833e-04
    520.00  6.9444e-05
    522.00  2.0833e-04
    524.00  2.0833e-04
    526.00  2.0833e-04
    528.00  6.9444e-05
    530.00  4.1667e-04
    532.00  1.3889e-04
    534.00  6.9444e-05
    536.00  1.3889e-04
    538.00  2.7778e-04
    540.00  6.9444e-05
    542.00  1.3889e-04
    544.00  2.7778e-04
    546.00  2.0833e-04
    548.00  2.0833e-04
    550.00  2.0833e-04
    552.00  2.7778e-04
    554.00  2.7778e-04
    556.00  0.0000e+00
    558.00  3.4722e-04
    560.00  2.0833e-04
    562.00  2.0833e-04
    564.00  2.0833e-04
    566.00  2.0833e-04
    568.00  2.0833e-04
    570.00  6.9444e-05
    572.00  6.9444e-05
    574.00  2.0833e-04
    576.00  2.0833e-04
    578.00  3.4722e-04
    580.00  0.0000e+00
    582.00  6.9444e-05
    584.00  2.0833e-04
    586.00  6.9444e-05
    588.00  2.0833e-04
    590.00  6.9444e-05
    592.00  1.3889e-04
    594.00  2.0833e-04
    596.00  1.3889e-04
    598.00  0.0000e+00
    600.00  0.0000e+00
    602.00  6.9444e-05
    604.00  6.9444e-05
    606.00  2.0833e-04
    608.00  2.0833e-04
    610.00  0.0000e+00
    612.00  6.9444e-05
    614.00  6.9444e-05
    616.00  6.9444e-05
    618.00  1.3889e-04
    620.00  6.9444e-05
    622.00  6.9444e-05
    624.00  1.3889e-04
    626.00  1.3889e-04
    628.00  1.3889e-04
    630.00  2.7778e-04
    632.00  6.9444e-05
    634.00  0.0000e+00
    636.00  2.0833e-04
    638.00  6.9444e-05
    640.00  6.9444e-05
    642.00  6.9444e-05
    644.00  6.9444e-05
    646.00  0.0000e+00
    648.00  2.7778e-04
    650.00  6.9444e-05
    652.00  1.3889e-04
    654.00  1.3889e-04
    656.00  1.3889e-04
    658.00  1.3889e-04
    660.00  2.0833e-04
    662.00  0.0000e+00
    664.00  1.3889e-04
    666.00  6.9444e-05
    668.00  1.3889e-04
    670.00  4.1667e-04
    672.00  0.0000e+00
    674.00  1.3889e-04
    676.00  6.9444e-05
    678.00  6.9444e-05
    680.00  6.9444e-05
    682.00  6.9444e-05
    684.00  0.0000e+00
    686.00  1.3889e-04
    688.00  0.0000e+00
    690.00  1.3889e-04
    692.00  2.0833e-04
    694.00  1.3889e-04
    696.00  6.9444e-05
    698.00  3.4722e-04
    700.00  6.9444e-05
    702.00  6.9444e-05
    704.00  0.0000e+00
    706.00  0.0000e+00
    708.00  6.9444e-05
    710.00  4.8611e-04
    712.00  1.3889e-04
    714.00  0.0000e+00
    716.00  0.0000e+00
    718.00  2.0833e-04
    720.00  6.9444e-05
    722.00  1.3889e-04
    724.00  6.9444e-05
    726.00  2.0833e-04
    728.00  6.9444e-05
    730.00  3.4722e-04
    732.00  2.0833e-04
    734.00  2.7778e-04
    736.00  2.7778e-04
    738.00  2.0833e-04
    740.00  5.5556e-04
    742.00  4.8611e-04
    744.00  6.2500e-04
    746.00  6.2500e-04
    748.00  8.3333e-04
    750.00  6.9444e-04
    752.00  4.1667e-04
    754.00  8.3333e-04
    756.00  9.0278e-04
    758.00  8.3333e-04
    760.00  5.5556e-04
    762.00  2.0833e-04
    764.00  8.3333e-04
    766.00  7.6389e-04
    768.00  5.5556e-04
    770.00  5.5556e-04
    772.00  4.8611e-04
    774.00  4.1667e-04
    776.00  3.4722e-04
    778.00  6.9444e-05
    780.00  2.0833e-04
    782.00  2.7778e-04
    784.00  1.3889e-04
    786.00  1.3889e-04
    788.00  6.9444e-05
    790.00  2.7778e-04
    792.00  2.0833e-04
    794.00  2.0833e-04
    796.00  6.9444e-05
    798.00  6.9444e-05
    800.00  6.9444e-05
    802.00  6.9444e-05
    804.00  2.0833e-04
    806.00  2.7778e-04
    808.00  6.9444e-05
    810.00  2.0833e-04
    812.00  0.0000e+00
    814.00  2.0833e-04
    816.00  6.9444e-05
    818.00  2.0833e-04
    820.00  2.7778e-04
    822.00  6.9444e-05
    824.00  2.0833e-04
    826.00  2.7778e-04
    828.00  2.0833e-04
    830.00  6.9444e-05
    832.00  2.0833e-04
    834.00  1.3889e-04
    836.00  6.9444e-05
    838.00  0.0000e+00
    840.00  1.3889e-04
    842.00  2.7778e-04
    844.00  0.0000e+00
    846.00  0.0000e+00
    848.00  1.3889e-04
    850.00  2.0833e-04
    852.00  1.3889e-04
    854.00  6.9444e-05
    856.00  1.3889e-04
    858.00  1.3889e-04
    860.00  6.9444e-05
    862.00  2.0833e-04
    864.00  1.3889e-04
    866.00  6.9444e-05
    868.00  1.3889e-04
    870.00  2.0833e-04
    872.00  3.4722e-04
    874.00  6.9444e-05
    876.00  1.3889e-04
    878.00  2.7778e-04
    880.00  2.7778e-04
    882.00  1.3889e-04
    884.00  1.3889e-04
    886.00  1.3889e-04
    888.00  6.9444e-05
    890.00  1.3889e-04
    892.00  6.9444e-05
    894.00  0.0000e+00
    896.00  3.4722e-04
    898.00  2.0833e-04
    900.00  6.9444e-05
    902.00  4.1667e-04
    904.00  1.3889e-04
    906.00  2.7778e-04
    908.00  6.9444e-05
    910.00  1.3889e-04
    912.00  6.9444e-05
    914.00  2.0833e-04
    916.00  2.0833e-04
    918.00  1.3889e-04
    920.00  1.3889e-04
    922.00  6.9444e-05
    924.00  2.0833e-04
    926.00  3.4722e-04
    928.00  4.1667e-04
    930.00  4.1667e-04
    932.00  2.0833e-04
    934.00  2.0833e-04
    936.00  2.7778e-04
    938.00  3.4722e-04
    940.00  6.9444e-05
    942.00  2.0833e-04
    944.00  6.9444e-05
    946.00  6.9444e-05
    948.00  2.7778e-04
    950.00  6.9444e-05
    952.00  1.3889e-04
    954.00  2.0833e-04
    956.00  2.0833e-04
    958.00  0.0000e+00
    960.00  4.1667e-04
    962.00  2.7778e-04
    964.00  1.3889e-04
    966.00  1.3889e-04
    968.00  4.1667e-04
    970.00  2.7778e-04
    972.00  3.4722e-04
    974.00  1.3889e-04
    976.00  6.9444e-05
    978.00  3.4722e-04
    980.00  2.0833e-04
    982.00  2.7778e-04
    984.00  2.7778e-04
    986.00  2.7778e-04
    988.00  6.9444e-05
    990.00  0.0000e+00
    992.00  1.3889e-04
    994.00  1.3889e-04
    996.00  6.9444e-05
    998.00  0.0000e+00
   1000.00  3.4722e-04
   1002.00  0.0000e+00
   1004.00  3.4722e-04
   1006.00  2.0833e-04
   1008.00  3.4722e-04
   1010.00  6.9444e-04
   1012.00  6.9444e-05
   1014.00  5.5556e-04
   1016.00  2.0833e-04
   1018.00  2.7778e-04
   1020.00  3.4722e-04
   1022.00  3.4722e-04
   1024.00  6.9444e-04
   1026.00  7.6389e-04
   1028.00  4.8611e-04
   1030.00  5.5556e-04
   1032.00  6.2500e-04
   1034.00  4.8611e-04
   1036.00  6.9444e-04
   1038.00  7.6389e-04
   1040.00  6.2500e-04
   1042.00  6.9444e-04
   1044.00  5.5556e-04
   1046.00  4.8611e-04
   1048.00  4.8611e-04
   1050.00  5.5556e-04
   1052.00  2.7778e-04
   1054.00  5.5556e-04
   1056.00  2.7778e-04
   1058.00  6.9444e-04
   1060.00  6.9444e-04
   1062.00  5.5556e-04
   1064.00  2.7778e-04
   1066.00  2.0833e-04
   1068.00  3.4722e-04
   1070.00  3.4722e-04
   1072.00  1.3889e-04
   1074.00  1.3889e-04
   1076.00  4.1667e-04
   1078.00  2.7778e-04
   1080.00  1.3889e-04
   1082.00  1.3889e-04
   1084.00  4.1667e-04
   1086.00  1.3889e-04
   1088.00  2.7778e-04
   1090.00  1.3889e-04
   1092.00  1.3889e-04
   1094.00  0.0000e+00
   1096.00  2.0833e-04
   1098.00  3.4722e-04
   1100.00  4.1667e-04
   1102.00  0.0000e+00
   1104.00  6.9444e-05
   1106.00  6.9444e-05
   1108.00  1.3889e-04
   1110.00  1.3889e-04
   1112.00  1.3889e-04
   1114.00  0.0000e+00
   1116.00  0.0000e+00
   1118.00  0.0000e+00
   1120.00  6.9444e-05
   1122.00  1.3889e-04
   1124.00  1.3889e-04
   1126.00  6.9444e-05
   1128.00  0.0000e+00
   1130.00  1.3889e-04
   1132.00  0.0000e+00
   1134.00  1.3889e-04
   1136.00  0.0000e+00
   1138.00  2.0833e-04
   1140.00  6.9444e-05
   1142.00  0.0000e+00
   1144.00  0.0000e+00
   1146.00  0.0000e+00
   1148.00  0.0000e+00
   1150.00  6.9444e-05
   1152.00  0.0000e+00
   1154.00  6.9444e-05
   1156.00  1.3889e-04
   1158.00  6.9444e-05
   1160.00  0.0000e+00
   1162.00  0.0000e+00
   1164.00  0.0000e+00
   1166.00  0.0000e+00
   1168.00  0.0000e+00
   1170.00  0.0000e+00
   1172.00  6.9444e-05
   1174.00  0.0000e+00
   1176.00  6.9444e-05
   1178.00  0.0000e+00
   1180.00  6.9444e-05
   1182.00  4.1667e-04
   1184.00  0.0000e+00
   1186.00  1.3889e-04
   1188.00  6.9444e-05
   1190.00  6.9444e-05
   1192.00  6.9444e-05
   1194.00  2.0833e-04
   1196.00  1.3889e-04
   1198.00  2.0833e-04
   1200.00  1.3889e-04
   1202.00  6.9444e-05
   1204.00  2.7778e-04
   1206.00  1.3889e-04
   1208.00  2.0833e-04
   1210.00  2.0833e-04
   1212.00  6.9444e-05
   1214.00  2.7778e-04
   1216.00  5.5556e-04
   1218.00  4.1667e-04
   1220.00  0.0000e+00
   1222.00  2.0833e-04
   1224.00  6.9444e-05
   1226.00  2.0833e-04
   1228.00  5.5556e-04
   1230.00  3.4722e-04
   1232.00  6.9444e-05
   1234.00  3.4722e-04
   1236.00  1.3889e-04
   1238.00  5.5556e-04
   1240.00  2.7778e-04
   1242.00  2.0833e-04
   1244.00  4.1667e-04
   1246.00  4.8611e-04
   1248.00  4.1667e-04
   1250.00  2.0833e-04
   1252.00  4.1667e-04
   1254.00  3.4722e-04
   1256.00  3.4722e-04
   1258.00  3.4722e-04
   1260.00  1.3889e-04
   1262.00  4.1667e-04
   1264.00  4.8611e-04
   1266.00  6.2500e-04
   1268.00  4.1667e-04
   1270.00  4.8611e-04
   1272.00  4.8611e-04
   1274.00  6.2500e-04
   1276.00  9.0278e-04
   1278.00  5.5556e-04
   1280.00  3.4722e-04
   1282.00  3.4722e-04
   1284.00  7.6389e-04
   1286.00  3.4722e-04
   1288.00  4.8611e-04
   1290.00  7.6389e-04
   1292.00  5.5556e-04
   1294.00  6.9444e-04
   1296.00  8.3333e-04
   1298.00  4.1667e-04
   1300.00  7.6389e-04
   1302.00  5.5556e-04
   1304.00  1.0417e-03
   1306.00  4.1667e-04
   1308.00  7.6389e-04
   1310.00  9.7222e-04
   1312.00  6.2500e-04
   1314.00  1.2500e-03
   1316.00  7.6389e-04
   1318.00  4.8611e-04
   1320.00  5.5556e-04
   1322.00  9.0278e-04
   1324.00  9.0278e-04
   1326.00  6.9444e-04
   1328.00  1.0417e-03
   1330.00  9.0278e-04
   1332.00  7.6389e-04
   1334.00  3.4722e-04
   1336.00  9.7222e-04
   1338.00  8.3333e-04
   1340.00  8.3333e-04
   1342.00  8.3333e-04
   1344.00  6.2500e-04
   1346.00  6.9444e-04
   1348.00  4.8611e-04
   1350.00  6.2500e-04
   1352.00  3.4722e-04
   1354.00  9.7222e-04
   1356.00  7.6389e-04
   1358.00  9.0278e-04
   1360.00  7.6389e-04
   1362.00  5.5556e-04
   1364.00  1.1111e-03
   1366.00  1.0417e-03
   1368.00  1.3194e-03
   1370.00  8.3333e-04
   1372.00  5.5556e-04
   1374.00  6.9444e-04
   1376.00  8.3333e-04
   1378.00  3.4722e-04
   1380.00  6.2500e-04
   1382.00  9.7222e-04
   1384.00  9.7222e-04
   1386.00  6.2500e-04
   1388.00  8.3333e-04
   1390.00  4.1667e-04
   1392.00  5.5556e-04
   1394.00  8.3333e-04
   1396.00  5.5556e-04
   1398.00  6.2500e-04
   1400.00  5.5556e-04
   1402.00  3.4722e-04
   1404.00  5.5556e-04
   1406.00  9.0278e-04
   1408.00  6.9444e-04
   1410.00  1.3889e-04
   1412.00  6.2500e-04
   1414.00  4.1667e-04
   1416.00  5.5556e-04
   1418.00  8.3333e-04
   1420.00  4.1667e-04
   1422.00  5.5556e-04
   1424.00  3.4722e-04
   1426.00  2.7778e-04
   1428.00  2.7778e-04
   1430.00  2.7778e-04
   1432.00  2.7778e-04
   1434.00  2.7778e-04
   1436.00  4.1667e-04
   1438.00  2.0833e-04
   1440.00  3.4722e-04
   1442.00  3.4722e-04
   1444.00  2.7778e-04
   1446.00  6.9444e-05
   1448.00  2.0833e-04
   1450.00  6.9444e-05
   1452.00  6.9444e-05
   1454.00  6.9444e-05
   1456.00  0.0000e+00
   1458.00  1.3889e-04
   1460.00  1.3889e-04
   1462.00  6.9444e-05
   1464.00  6.9444e-05
   1466.00  6.9444e-05
   1468.00  6.9444e-05
   1470.00  0.0000e+00
   1472.00  6.9444e-05
   1474.00  0.0000e+00
   1476.00  0.0000e+00
   1478.00  0.0000e+00
   1480.00  6.9444e-05
   1482.00  0.0000e+00
   1484.00  0.0000e+00
   1486.00  0.0000e+00
   1488.00  0.0000e+00
   1490.00  0.0000e+00
   1492.00  6.9444e-05
   1494.00  0.0000e+00
   1496.00  6.9444e-05
   1498.00  6.9444e-05
   1500.00  0.0000e+00
   1502.00  0.0000e+00
   1504.00  0.0000e+00
   1506.00  0.0000e+00
   1508.00  0.0000e+00
   1510.00  0.0000e+00
   1512.00  0.0000e+00
   1514.00  0.0000e+00
   1516.00  0.0000e+00
   1518.00  0.0000e+00
   1520.00  0.0000e+00
   1522.00  0.0000e+00
   1524.00  0.0000e+00
   1526.00  0.0000e+00
   1528.00  6.9444e-05
   1530.00  0.0000e+00
   1532.00  0.0000e+00
   1534.00  0.0000e+00
   1536.00  0.0000e+00
   1538.00  1.3889e-04
   1540.00  1.3889e-04
   1542.00  0.0000e+00
   1544.00  6.9444e-05
   1546.00  0.0000e+00
   1548.00  2.0833e-04
   1550.00  0.0000e+00
   1552.00  1.3889e-04
   1554.00  6.9444e-05
   1556.00  1.3889e-04
   1558.00  0.0000e+00
   1560.00  1.3889e-04
   1562.00  1.3889e-04
   1564.00  2.7778e-04
   1566.00  2.0833e-04
   1568.00  0.0000e+00
   1570.00  1.3889e-04
   1572.00  6.9444e-05
   1574.00  1.3889e-04
   1576.00  3.4722e-04
   1578.00  4.1667e-04
   1580.00  2.7778e-04
   1582.00  2.7778e-04
   1584.00  2.7778e-04
   1586.00  2.0833e-04
   1588.00  3.4722e-04
   1590.00  5.5556e-04
   1592.00  4.1667e-04
   1594.00  4.8611e-04
   1596.00  8.3333e-04
   1598.00  7.6389e-04
   1600.00  6.2500e-04
   1602.00  3.4722e-04
   1604.00  4.1667e-04
   1606.00  3.4722e-04
   1608.00  5.5556e-04
   1610.00  6.2500e-04
   1612.00  9.7222e-04
   1614.00  5.5556e-04
   1616.00  6.2500e-04
   1618.00  3.4722e-04
   1620.00  6.2500e-04
   1622.00  6.2500e-04
   1624.00  3.4722e-04
   1626.00  7.6389e-04
   1628.00  4.8611e-04
   1630.00  5.5556e-04
   1632.00  6.2500e-04
   1634.00  5.5556e-04
   1636.00  6.2500e-04
   1638.00  5.5556e-04
   1640.00  3.4722e-04
   1642.00  6.2500e-04
   1644.00  8.3333e-04
   1646.00  3.4722e-04
   1648.00  4.1667e-04
   1650.00  6.2500e-04
   1652.00  2.7778e-04
   1654.00  6.2500e-04
   1656.00  6.2500e-04
   1658.00  3.4722e-04
   1660.00  9.0278e-04
   1662.00  5.5556e-04
   1664.00  6.9444e-04
   1666.00  3.4722e-04
   1668.00  8.3333e-04
   1670.00  5.5556e-04
   1672.00  1.0417e-03
   1674.00  5.5556e-04
   1676.00  6.9444e-04
   1678.00  7.6389e-04
   1680.00  7.6389e-04
   1682.00  9.0278e-04
   1684.00  1.2500e-03
   1686.00  1.0417e-03
   1688.00  8.3333e-04
   1690.00  8.3333e-04
   1692.00  8.3333e-04
   1694.00  4.8611e-04
   1696.00  7.6389e-04
   1698.00  9.7222e-04
   1700.00  1.1111e-03
   1702.00  9.7222e-04
   1704.00  9.0278e-04
   1706.00  8.3333e-04
   1708.00  6.2500e-04
   1710.00  7.6389e-04
   1712.00  8.3333e-04
   1714.00  6.9444e-04
   1716.00  4.8611e-04
   1718.00  8.3333e-04
   1720.00  7.6389e-04
   1722.00  5.5556e-04
   1724.00  6.2500e-04
   1726.00  7.6389e-04
   1728.00  2.0833e-04
   1730.00  5.5556e-04
   1732.00  4.1667e-04
   1734.00  2.0833e-04
   1736.00  5.5556e-04
   1738.00  3.4722e-04
   1740.00  4.1667e-04
   1742.00  3.4722e-04
   1744.00  4.8611e-04
   1746.00  1.3889e-04
   1748.00  1.3889e-04
   1750.00  2.7778e-04
   1752.00  4.1667e-04
   1754.00  1.3889e-04
   1756.00  6.9444e-05
   1758.00  0.0000e+00
   1760.00  6.9444e-05
   1762.00  1.3889e-04
   1764.00  0.0000e+00
   1766.00  6.9444e-05
   1768.00  6.9444e-05
   1770.00  1.3889e-04
   1772.00  6.9444e-05
   1774.00  0.0000e+00
   1776.00  0.0000e+00
   1778.00  0.0000e+00
   1780.00  0.0000e+00
   1782.00  0.0000e+00
   1784.00  0.0000e+00
   1786.00  0.0000e+00
   1788.00  0.0000e+00
   1790.00  0.0000e+00
   1792.00  0.0000e+00
   1794.00  6.9444e-05
   1796.00  0.0000e+00
   1798.00  6.9444e-05
   1800.00  0.0000e+00
   1802.00  0.0000e+00
   1804.00  6.9444e-05
   1806.00  6.9444e-05
   1808.00  0.0000e+00
   1810.00  0.0000e+00
   1812.00  0.0000e+00
   1814.00  0.0000e+00
   1816.00  0.0000e+00
   1818.00  0.0000e+00
   1820.00  0.0000e+00
   1822.00  0.0000e+00
   1824.00  0.0000e+00
   1826.00  0.0000e+00
   1828.00  0.0000e+00
   1830.00  0.0000e+00
   1832.00  0.0000e+00
   1834.00  0.0000e+00
   1836.00  0.0000e+00
   1838.00  0.0000e+00
   1840.00  0.0000e+00
   1842.00  0.0000e+00
   1844.00  0.0000e+00
   1846.00  0.0000e+00
   1848.00  0.0000e+00
   1850.00  0.0000e+00
   1852.00  0.0000e+00
   1854.00  0.0000e+00
   1856.00  0.0000e+00
   1858.00  0.0000e+00
   1860.00  0.0000e+00
   1862.00  0.0000e+00
   1864.00  0.0000e+00
   1866.00  0.0000e+00
   1868.00  0.0000e+00
   1870.00  0.0000e+00
   1872.00  0.0000e+00
   1874.00  0.0000e+00
   1876.00  0.0000e+00
   1878.00  0.0000e+00
   1880.00  0.0000e+00
   1882.00  0.0000e+00
   1884.00  0.0000e+00
   1886.00  0.0000e+00
   1888.00  0.0000e+00
   1890.00  0.0000e+00
   1892.00  0.0000e+00
   1894.00  0.0000e+00
   1896.00  0.0000e+00
   1898.00  0.0000e+00
   1900.00  0.0000e+00
   1902.00  0.0000e+00
   1904.00  0.0000e+00
   1906.00  0.0000e+00
   1908.00  0.0000e+00
   1910.00  0.0000e+00
   1912.00  0.0000e+00
   1914.00  0.0000e+00
   1916.00  0.0000e+00
   1918.00  0.0000e+00
   1920.00  0.0000e+00
   1922.00  0.0000e+00
   1924.00  0.0000e+00
   1926.00  0.0000e+00
   1928.00  0.0000e+00
   1930.00  0.0000e+00
   1932.00  0.0000e+00
   1934.00  0.0000e+00
   1936.00  0.0000e+00
   1938.00  0.0000e+00
   1940.00  0.0000e+00
   1942.00  0.0000e+00
   1944.00  0.0000e+00
   1946.00  0.0000e+00
   1948.00  0.0000e+00
   1950.00  6.9444e-05
   1952.00  0.0000e+00
   1954.00  0.0000e+00
   1956.00  0.0000e+00
   1958.00  0.0000e+00
   1960.00  0.0000e+00
   1962.00  0.0000e+00
   1964.00  0.0000e+00
   1966.00  0.0000e+00
   1968.00  0.0000e+00
   1970.00  0.0000e+00
   1972.00  0.0000e+00
   1974.00  0.0000e+00
   1976.00  0.0000e+00
   1978.00  0.0000e+00
   1980.00  0.0000e+00
   1982.00  0.0000e+00
   1984.00  0.0000e+00
   1986.00  0.0000e+00
   1988.00  0.0000e+00
   1990.00  0.0000e+00
   1992.00  0.0000e+00
   1994.00  0.0000e+00
   1996.00  0.0000e+00
   1998.00  0.0000e+00
   2000.00  0.0000e+00
   2002.00  0.0000e+00
   2004.00  0.0000e+00
   2006.00  0.0000e+00
   2008.00  0.0000e+00
   2010.00  0.0000e+00
   2012.00  0.0000e+00
   2014.00  0.0000e+00
   2016.00  0.0000e+00
   2018.00  0.0000e+00
   2020.00  0.0000e+00
   2022.00  0.0000e+00
   2024.00  0.0000e+00
   2026.00  0.0000e+00
   2028.00  0.0000e+00
   2030.00  0.0000e+00
   2032.00  0.0000e+00
   2034.00  0.0000e+00
   2036.00  0.0000e+00
   2038.00  0.0000e+00
   2040.00  0.0000e+00
   2042.00  0.0000e+00
   2044.00  0.0000e+00
   2046.00  0.0000e+00
   2048.00  0.0000e+00
   2050.00  0.0000e+00
   2052.00  0.0000e+00
   2054.00  0.0000e+00
   2056.00  0.0000e+00
   2058.00  0.0000e+00
   2060.00  0.0000e+00
   2062.00  0.0000e+00
   2064.00  0.0000e+00
   2066.00  0.0000e+00
   2068.00  0.0000e+00
   2070.00  0.0000e+00
   2072.00  0.0000e+00
   2074.00  0.0000e+00
   2076.00  0.0000e+00
   2078.00  0.0000e+00
   2080.00  0.0000e+00
   2082.00  0.0000e+00
   2084.00  0.0000e+00
   2086.00  0.0000e+00
   2088.00  0.0000e+00
   2090.00  0.0000e+00
   2092.00  0.0000e+00
   2094.00  0.0000e+00
   2096.00  0.0000e+00
   2098.00  0.0000e+00
   2100.00  0.0000e+00
   2102.00  0.0000e+00
   2104.00  0.0000e+00
   2106.00  0.0000e+00
   2108.00  0.0000e+00
   2110.00  0.0000e+00
   2112.00  0.0000e+00
   2114.00  0.0000e+00
   2116.00  0.0000e+00
   2118.00  0.0000e+00
   2120.00  0.0000e+00
   2122.00  0.0000e+00
   2124.00  0.0000e+00
   2126.00  0.0000e+00
   2128.00  0.0000e+00
   2130.00  0.0000e+00
   2132.00  0.0000e+00
   2134.00  0.0000e+00
   2136.00  0.0000e+00
   2138.00  0.0000e+00
   2140.00  0.0000e+00
   2142.00  0.0000e+00
   2144.00  0.0000e+00
   2146.00  0.0000e+00
   2148.00  0.0000e+00
   2150.00  0.0000e+00
   2152.00  0.0000e+00
   2154.00  0.0000e+00
   2156.00  0.0000e+00
   2158.00  0.0000e+00
   2160.00  0.0000e+00
   2162.00  0.0000e+00
   2164.00  0.0000e+00
   2166.00  0.0000e+00
   2168.00  0.0000e+00
   2170.00  0.0000e+00
   2172.00  0.0000e+00
   2174.00  0.0000e+00
   2176.00  0.0000e+00
   2178.00  0.0000e+00
   2180.00  0.0000e+00
   2182.00  0.0000e+00
   2184.00  0.0000e+00
   2186.00  0.0000e+00
   2188.00  0.0000e+00
   2190.00  0.0000e+00
   2192.00  0.0000e+00
   2194.00  0.0000e+00
   2196.00  0.0000e+00
   2198.00  0.0000e+00
   2200.00  0.0000e+00
   2202.00  0.0000e+00
   2204.00  0.0000e+00
   2206.00  0.0000e+00
   2208.00  0.0000e+00
   2210.00  0.0000e+00
   2212.00  0.0000e+00
   2214.00  0.0000e+00
   2216.00  0.0000e+00
   2218.00  0.0000e+00
   2220.00  0.0000e+00
   2222.00  0.0000e+00
   2224.00  0.0000e+00
   2226.00  0.0000e+00
   2228.00  0.0000e+00
   2230.00  0.0000e+00
   2232.00  0.0000e+00
   2234.00  0.0000e+00
   2236.00  0.0000e+00
   2238.00  0.0000e+00
   2240.00  0.0000e+00
   2242.00  0.0000e+00
   2244.00  0.0000e+00
   2246.00  0.0000e+00
   2248.00  0.0000e+00
   2250.00  0.0000e+00
   2252.00  0.0000e+00
   2254.00  0.0000e+00
   2256.00  0.0000e+00
   2258.00  0.0000e+00
   2260.00  0.0000e+00
   2262.00  0.0000e+00
   2264.00  0.0000e+00
   2266.00  0.0000e+00
   2268.00  0.0000e+00
   2270.00  0.0000e+00
   2272.00  0.0000e+00
   2274.00  0.0000e+00
   2276.00  0.0000e+00
   2278.00  0.0000e+00
   2280.00  0.0000e+00
   2282.00  0.0000e+00
   2284.00  0.0000e+00
   2286.00  0.0000e+00
   2288.00  0.0000e+00
   2290.00  0.0000e+00
   2292.00  0.0000e+00
   2294.00  0.0000e+00
   2296.00  0.0000e+00
   2298.00  0.0000e+00
   2300.00  0.0000e+00
   2302.00  0.0000e+00
   2304.00  0.0000e+00
   2306.00  0.0000e+00
   2308.00  0.0000e+00
   2310.00  0.0000e+00
   2312.00  0.0000e+00
   2314.00  0.0000e+00
   2316.00  0.0000e+00
   2318.00  0.0000e+00
   2320.00  0.0000e+00
   2322.00  0.0000e+00
   2324.00  0.0000e+00
   2326.00  0.0000e+00
   2328.00  0.0000e+00
   2330.00  0.0000e+00
   2332.00  0.0000e+00
   2334.00  0.0000e+00
   2336.00  0.0000e+00
   2338.00  0.0000e+00
   2340.00  0.0000e+00
   2342.00  0.0000e+00
   2344.00  0.0000e+00
   2346.00  0.0000e+00
   2348.00  0.0000e+00
   2350.00  0.0000e+00
   2352.00  0.0000e+00
   2354.00  0.0000e+00
   2356.00  0.0000e+00
   2358.00  0.0000e+00
   2360.00  0.0000e+00
   2362.00  0.0000e+00
   2364.00  0.0000e+00
   2366.00  0.0000e+00
   2368.00  0.0000e+00
   2370.00  0.0000e+00
   2372.00  0.0000e+00
   2374.00  0.0000e+00
   2376.00  0.0000e+00
   2378.00  0.0000e+00
   2380.00  0.0000e+00
   2382.00  0.0000e+00
   2384.00  0.0000e+00
   2386.00  0.0000e+00
   2388.00  0.0000e+00
   2390.00  0.0000e+00
   2392.00  0.0000e+00
   2394.00  0.0000e+00
   2396.00  0.0000e+00
   2398.00  0.0000e+00
   2400.00  0.0000e+00
   2402.00  0.0000e+00
   2404.00  0.0000e+00
   2406.00  0.0000e+00
   2408.00  0.0000e+00
   2410.00  0.0000e+00
   2412.00  0.0000e+00
   2414.00  0.0000e+00
   2416.00  0.0000e+00
   2418.00  0.0000e+00
   2420.00  0.0000e+00
   2422.00  0.0000e+00
   2424.00  0.0000e+00
   2426.00  0.0000e+00
   2428.00  0.0000e+00
   2430.00  0.0000e+00
   2432.00  0.0000e+00
   2434.00  0.0000e+00
   2436.00  0.0000e+00
   2438.00  0.0000e+00
   2440.00  0.0000e+00
   2442.00  0.0000e+00
   2444.00  0.0000e+00
   2446.00  0.0000e+00
   2448.00  0.0000e+00
   2450.00  0.0000e+00
   2452.00  0.0000e+00
   2454.00  0.0000e+00
   2456.00  0.0000e+00
   2458.00  0.0000e+00
   2460.00  0.0000e+00
   2462.00  0.0000e+00
   2464.00  0.0000e+00
   2466.00  0.0000e+00
   2468.00  0.0000e+00
   2470.00  0.0000e+00
   2472.00  0.0000e+00
   2474.00  0.0000e+00
   2476.00  0.0000e+00
   2478.00  0.0000e+00
   2480.00  0.0000e+00
   2482.00  0.0000e+00
   2484.00  0.0000e+00
   2486.00  0.0000e+00
   2488.00  0.0000e+00
   2490.00  0.0000e+00
   2492.00  0.0000e+00
   2494.00  0.0000e+00
   2496.00  0.0000e+00
   2498.00  0.0000e+00
   2500.00  0.0000e+00
   2502.00  0.0000e+00
   2504.00  0.0000e+00
   2506.00  0.0000e+00
   2508.00  0.0000e+00
   2510.00  0.0000e+00
   2512.00  0.0000e+00
   2514.00  0.0000e+00
   2516.00  0.0000e+00
   2518.00  0.0000e+00
   2520.00  0.0000e+00
   2522.00  0.0000e+00
   2524.00  0.0000e+00
   2526.00  0.0000e+00
   2528.00  0.0000e+00
   2530.00  0.0000e+00
   2532.00  0.0000e+00
   2534.00  0.0000e+00
   2536.00  0.0000e+00
   2538.00  0.0000e+00
   2540.00  0.0000e+00
   2542.00  0.0000e+00
   2544.00  0.0000e+00
   2546.00  0.0000e+00
   2548.00  0.0000e+00
   2550.00  0.0000e+00
   2552.00  0.0000e+00
   2554.00  0.0000e+00
   2556.00  0.0000e+00
   2558.00  0.0000e+00
   2560.00  0.0000e+00
   2562.00  0.0000e+00
   2564.00  0.0000e+00
   2566.00  0.0000e+00
   2568.00  0.0000e+00
   2570.00  0.0000e+00
   2572.00  0.0000e+00
   2574.00  0.0000e+00
   2576.00  0.0000e+00
   2578.00  0.0000e+00
   2580.00  0.0000e+00
   2582.00  0.0000e+00
   2584.00  0.0000e+00
   2586.00  0.0000e+00
   2588.00  0.0000e+00
   2590.00  0.0000e+00
   2592.00  0.0000e+00
   2594.00  0.0000e+00
   2596.00  0.0000e+00
   2598.00  0.0000e+00
   2600.00  0.0000e+00
   2602.00  0.0000e+00
   2604.00  0.0000e+00
   2606.00  0.0000e+00
   2608.00  0.0000e+00
   2610.00  0.0000e+00
   2612.00  0.0000e+00
   2614.00  0.0000e+00
   2616.00  0.0000e+00
   2618.00  0.0000e+00
   2620.00  0.0000e+00
   2622.00  0.0000e+00
   2624.00  0.0000e+00
   2626.00  0.0000e+00
   2628.00  0.0000e+00
   2630.00  0.0000e+00
   2632.00  0.0000e+00
   2634.00  0.0000e+00
   2636.00  0.0000e+00
   2638.00  0.0000e+00
   2640.00  0.0000e+00
   2642.00  0.0000e+00
   2644.00  0.0000e+00
   2646.00  0.0000e+00
   2648.00  0.0000e+00
   2650.00  0.0000e+00
   2652.00  0.0000e+00
   2654.00  0.0000e+00
   2656.00  0.0000e+00
   2658.00  0.0000e+00
   2660.00  0.0000e+00
   2662.00  0.0000e+00
   2664.00  0.0000e+00
   2666.00  0.0000e+00
   2668.00  0.0000e+00
   2670.00  0.0000e+00
   2672.00  0.0000e+00
   2674.00  0.0000e+00
   2676.00  0.0000e+00
   2678.00  0.0000e+00
   2680.00  0.0000e+00
   2682.00  0.0000e+00
   2684.00  0.0000e+00
   2686.00  0.0000e+00
   2688.00  0.0000e+00
   2690.00  0.0000e+00
   2692.00  0.0000e+00
   2694.00  0.0000e+00
   2696.00  0.0000e+00
   2698.00  0.0000e+00
   2700.00  0.0000e+00
   2702.00  0.0000e+00
   2704.00  0.0000e+00
   2706.00  0.0000e+00
   2708.00  0.0000e+00
   2710.00  0.0000e+00
   2712.00  0.0000e+00
   2714.00  0.0000e+00
   2716.00  0.0000e+00
   2718.00  0.0000e+00
   2720.00  0.0000e+00
   2722.00  0.0000e+00
   2724.00  0.0000e+00
   2726.00  0.0000e+00
   2728.00  0.0000e+00
   2730.00  0.0000e+00
   2732.00  0.0000e+00
   2734.00  0.0000e+00
   2736.00  0.0000e+00
   2738.00  0.0000e+00
   2740.00  0.0000e+00
   2742.00  0.0000e+00
   2744.00  0.0000e+00
   2746.00  0.0000e+00
   2748.00  0.0000e+00
   2750.00  0.0000e+00
   2752.00  0.0000e+00
   2754.00  0.0000e+00
   2756.00  0.0000e+00
   2758.00  0.0000e+00
   2760.00  0.0000e+00
   2762.00  0.0000e+00
   2764.00  0.0000e+00
   2766.00  0.0000e+00
   2768.00  0.0000e+00
   2770.00  0.0000e+00
   2772.00  0.0000e+00
   2774.00  0.0000e+00
   2776.00  0.0000e+00
   2778.00  0.0000e+00
   2780.00  0.0000e+00
   2782.00  0.0000e+00
   2784.00  0.0000e+00
   2786.00  0.0000e+00
   2788.00  0.0000e+00
   2790.00  0.0000e+00
   2792.00  0.0000e+00
   2794.00  0.0000e+00
   2796.00  0.0000e+00
   2798.00  0.0000e+00
   2800.00  0.0000e+00
   2802.00  0.0000e+00
   2804.00  0.0000e+00
   2806.00  0.0000e+00
   2808.00  0.0000e+00
   2810.00  0.0000e+00
   2812.00  0.0000e+00
   2814.00  0.0000e+00
   2816.00  0.0000e+00
   2818.00  0.0000e+00
   2820.00  0.0000e+00
   2822.00  0.0000e+00
   2824.00  0.0000e+00
   2826.00  0.0000e+00
   2828.00  0.0000e+00
   2830.00  0.0000e+00
   2832.00  0.0000e+00
   2834.00  0.0000e+00
   2836.00  0.0000e+00
   2838.00  0.0000e+00
   2840.00  0.0000e+00
   2842.00  0.0000e+00
   2844.00  0.0000e+00
   2846.00  0.0000e+00
   2848.00  0.0000e+00
   2850.00  0.0000e+00
   2852.00  0.0000e+00
   2854.00  0.0000e+00
   2856.00  0.0000e+00
   2858.00  0.0000e+00
   2860.00  0.0000e+00
   2862.00  0.0000e+00
   2864.00  6.9444e-05
   2866.00  6.2500e-04
   2868.00  8.3333e-04
   2870.00  1.2500e-03
   2872.00  2.0139e-03
   2874.00  1.9444e-03
   2876.00  2.0833e-03
   2878.00  3.1250e-03
   2880.00  1.8056e-03
   2882.00  2.7778e-03
   2884.00  2.0139e-03
   2886.00  1.6667e-03
   2888.00  1.3889e-03
   2890.00  1.1806e-03
   2892.00  1.3889e-03
   2894.00  6.2500e-04
   2896.00  6.9444e-04
   2898.00  9.0278e-04
   2900.00  2.7778e-04
   2902.00  3.4722e-04
   2904.00  2.0833e-04
   2906.00  6.9444e-05
   2908.00  6.9444e-05
   2910.00  6.9444e-05
   2912.00  6.9444e-05
   2914.00  1.3889e-04
   2916.00  0.0000e+00
   2918.00  0.0000e+00
   2920.00  1.3889e-04
   2922.00  0.0000e+00
   2924.00  0.0000e+00
   2926.00  0.0000e+00
   2928.00  0.0000e+00
   2930.00  0.0000e+00
   2932.00  0.0000e+00
   2934.00  0.0000e+00
   2936.00  0.0000e+00
   2938.00  0.0000e+00
   2940.00  0.0000e+00
   2942.00  0.0000e+00
   2944.00  0.0000e+00
   2946.00  0.0000e+00
   2948.00  0.0000e+00
   2950.00  0.0000e+00
   2952.00  0.0000e+00
   2954.00  6.9444e-05
   2956.00  0.0000e+00
   2958.00  1.3889e-04
   2960.00  1.3889e-04
   2962.00  3.4722e-04
   2964.00  3.4722e-04
   2966.00  7.6389e-04
   2968.00  1.6667e-03
   2970.00  1.3194e-03
   2972.00  2.9167e-03
   2974.00  3.2639e-03
   2976.00  3.1944e-03
   2978.00  3.4028e-03
   2980.00  2.0833e-03
   2982.00  2.6389e-03
   2984.00  2.6389e-03
   2986.00  2.5694e-03
   2988.00  2.3611e-03
   2990.00  3.4722e-03
   2992.00  2.7083e-03
   2994.00  2.5000e-03
   2996.00  3.1250e-03
   2998.00  2.3611e-03
   3000.00  1.5278e-03
   3002.00  1.8750e-03
   3004.00  1.1111e-03
   3006.00  7.6389e-04
   3008.00  1.1111e-03
   3010.00  4.1667e-04
   3012.00  7.6389e-04
   3014.00  4.1667e-04
   3016.00  5.5556e-04
   3018.00  2.7778e-04
   3020.00  4.1667e-04
   3022.00  1.3889e-04
   3024.00  6.9444e-05
   3026.00  1.3889e-04
   3028.00  2.0833e-04
   3030.00  3.4722e-04
   3032.00  6.9444e-05
   3034.00  1.3889e-04
   3036.00  0.0000e+00
   3038.00  1.3889e-04
   3040.00  0.0000e+00
   3042.00  6.9444e-05
   3044.00  0.0000e+00
   3046.00  6.9444e-05
   3048.00  1.3889e-04
   3050.00  6.9444e-05
   3052.00  0.0000e+00
   3054.00  6.9444e-05
   3056.00  0.0000e+00
   3058.00  0.0000e+00
   3060.00  6.9444e-05
   3062.00  0.0000e+00
   3064.00  6.9444e-05
   3066.00  0.0000e+00
   3068.00  0.0000e+00
   3070.00  0.0000e+00
   3072.00  0.0000e+00
   3074.00  0.0000e+00
   3076.00  0.0000e+00
   3078.00  6.9444e-05
   3080.00  0.0000e+00
   3082.00  0.0000e+00
   3084.00  0.0000e+00
   3086.00  1.3889e-04
   3088.00  0.0000e+00
   3090.00  0.0000e+00
   3092.00  0.0000e+00
   3094.00  0.0000e+00
   3096.00  6.9444e-05
   3098.00  0.0000e+00
   3100.00  0.0000e+00
   3102.00  0.0000e+00
   3104.00  0.0000e+00
   3106.00  0.0000e+00
   3108.00  0.0000e+00
   3110.00  0.0000e+00
   3112.00  0.0000e+00
   3114.00  6.9444e-05
   3116.00  0.0000e+00
   3118.00  0.0000e+00
   3120.00  0.0000e+00
   3122.00  0.0000e+00
   3124.00  0.0000e+00
   3126.00  0.0000e+00
   3128.00  0.0000e+00
   3130.00  6.9444e-05
   3132.00  0.0000e+00
   3134.00  0.0000e+00
   3136.00  0.0000e+00
   3138.00  0.0000e+00
   3140.00  0.0000e+00
   3142.00  0.0000e+00
   3144.00  0.0000e+00
   3146.00  0.0000e+00
   3148.00  0.0000e+00
   3150.00  0.0000e+00
   3152.00  0.0000e+00
   3154.00  0.0000e+00
   3156.00  0.0000e+00
   3158.00  0.0000e+00
   3160.00  6.9444e-05
   3162.00  0.0000e+00
   3164.00  0.0000e+00
   3166.00  0.0000e+00
   3168.00  0.0000e+00
   3170.00  0.0000e+00
   3172.00  0.0000e+00
   3174.00  0.0000e+00
   3176.00  0.0000e+00
   3178.00  0.0000e+00
   3180.00  0.0000e+00
   3182.00  0.0000e+00
   3184.00  0.0000e+00
   3186.00  0.0000e+00
   3188.00  0.0000e+00
   3190.00  0.0000e+00
   3192.00  0.0000e+00
   3194.00  0.0000e+00
   3196.00  0.0000e+00
   3198.00  0.0000e+00
   3200.00  0.0000e+00
   3202.00  0.0000e+00
   3204.00  0.0000e+00
   3206.00  0.0000e+00
   3208.00  0.0000e+00
   3210.00  0.0000e+00
   3212.00  0.0000e+00
   3214.00  0.0000e+00
   3216.00  0.0000e+00
   3218.00  0.0000e+00
   3220.00  0.0000e+00
   3222.00  0.0000e+00
   3224.00  0.0000e+00
   3226.00  0.0000e+00
   3228.00  0.0000e+00
   3230.00  0.0000e+00
   3232.00  0.0000e+00
   3234.00  0.0000e+00
   3236.00  0.0000e+00
   3238.00  0.0000e+00
   3240.00  0.0000e+00
   3242.00  0.0000e+00
   3244.00  0.0000e+00
   3246.00  0.0000e+00
   3248.00  0.0000e+00
   3250.00  0.0000e+00
   3252.00  0.0000e+00
   3254.00  0.0000e+00
   3256.00  0.0000e+00
   3258.00  0.0000e+00
   3260.00  0.0000e+00
   3262.00  0.0000e+00
   3264.00  0.0000e+00
   3266.00  0.0000e+00
   3268.00  6.9444e-05
   3270.00  6.9444e-05
   3272.00  6.9444e-05
   3274.00  2.0833e-04
   3276.00  3.4722e-04
   3278.00  6.2500e-04
   3280.00  5.5556e-04
   3282.00  6.9444e-04
   3284.00  5.5556e-04
   3286.00  9.0278e-04
   3288.00  7.6389e-04
   3290.00  1.0417e-03
   3292.00  1.0417e-03
   3294.00  1.1111e-03
   3296.00  1.2500e-03
   3298.00  1.2500e-03
   3300.00  1.2500e-03
   3302.00  9.7222e-04
   3304.00  7.6389e-04
   3306.00  2.7778e-04
   3308.00  6.9444e-05
   3310.00  0.0000e+00
   3312.00  0.0000e+00
   3314.00  0.0000e+00
   3316.00  0.0000e+00
   3318.00  0.0000e+00
   3320.00  0.0000e+00
   3322.00  0.0000e+00
   3324.00  0.0000e+00
   3326.00  0.0000e+00
   3328.00  0.0000e+00
   3330.00  0.0000e+00
   3332.00  0.0000e+00
   3334.00  0.0000e+00
   3336.00  0.0000e+00
   3338.00  0.0000e+00
   3340.00  0.0000e+00
   3342.00  0.0000e+00
   3344.00  0.0000e+00
   3346.00  0.0000e+00
   3348.00  0.0000e+00
   3350.00  0.0000e+00
   3352.00  0.0000e+00
   3354.00  0.0000e+00
   3356.00  0.0000e+00
   3358.00  0.0000e+00
   3360.00  0.0000e+00
   3362.00  0.0000e+00
   3364.00  0.0000e+00
   3366.00  0.0000e+00
   3368.00  0.0000e+00
   3370.00  0.0000e+00
   3372.00  0.0000e+00
   3374.00  0.0000e+00
   3376.00  0.0000e+00
   3378.00  0.0000e+00
   3380.00  0.0000e+00
   3382.00  0.0000e+00
   3384.00  0.0000e+00
   3386.00  0.0000e+00
   3388.00  0.0000e+00
   3390.00  0.0000e+00
   3392.00  0.0000e+00
   3394.00  0.0000e+00
   3396.00  0.0000e+00
   3398.00  0.0000e+00
   3400.00  0.0000e+00
   3402.00  0.0000e+00
   3404.00  0.0000e+00
   3406.00  0.0000e+00
   3408.00  0.0000e+00
   3410.00  0.0000e+00
   3412.00  0.0000e+00
   3414.00  0.0000e+00
   3416.00  0.0000e+00
   3418.00  0.0000e+00
   3420.00  0.0000e+00
   3422.00  0.0000e+00
   3424.00  0.0000e+00
   3426.00  0.0000e+00
   3428.00  0.0000e+00
   3430.00  0.0000e+00
   3432.00  0.0000e+00
   3434.00  0.0000e+00
   3436.00  0.0000e+00
   3438.00  0.0000e+00
   3440.00  0.0000e+00
   3442.00  0.0000e+00
   3444.00  0.0000e+00
   3446.00  0.0000e+00
   3448.00  0.0000e+00
   3450.00  0.0000e+00
   3452.00  0.0000e+00
   3454.00  0.0000e+00
   3456.00  0.0000e+00
   3458.00  0.0000e+00
   3460.00  0.0000e+00
   3462.00  0.0000e+00
   3464.00  0.0000e+00
   3466.00  0.0000e+00
   3468.00  0.0000e+00
   3470.00  0.0000e+00
   3472.00  0.0000e+00
   3474.00  0.0000e+00
   3476.00  0.0000e+00
   3478.00  0.0000e+00
   3480.00  0.0000e+00
   3482.00  0.0000e+00
   3484.00  0.0000e+00
   3486.00  0.0000e+00
   3488.00  0.0000e+00
   3490.00  0.0000e+00
   3492.00  0.0000e+00
   3494.00  0.0000e+00
   3496.00  0.0000e+00
   3498.00  0.0000e+00
   3500.00  0.0000e+00
   3502.00  0.0000e+00
   3504.00  0.0000e+00
   3506.00  0.0000e+00
   3508.00  0.0000e+00
   3510.00  0.0000e+00
   3512.00  0.0000e+00
   3514.00  0.0000e+00
   3516.00  0.0000e+00
   3518.00  0.0000e+00
   3520.00  0.0000e+00
   3522.00  0.0000e+00
   3524.00  0.0000e+00
   3526.00  0.0000e+00
   3528.00  0.0000e+00
   3530.00  0.0000e+00
   3532.00  0.0000e+00
   3534.00  0.0000e+00
   3536.00  0.0000e+00
   3538.00  0.0000e+00
   3540.00  0.0000e+00
   3542.00  0.0000e+00
   3544.00  0.0000e+00
   3546.00  0.0000e+00
   3548.00  0.0000e+00
   3550.00  0.0000e+00
   3552.00  0.0000e+00
   3554.00  0.0000e+00
   3556.00  0.0000e+00
   3558.00  0.0000e+00
   3560.00  0.0000e+00
   3562.00  0.0000e+00
   3564.00  0.0000e+00
   3566.00  0.0000e+00
   3568.00  0.0000e+00
   3570.00  0.0000e+00
   3572.00  0.0000e+00
   3574.00  0.0000e+00
   3576.00  0.0000e+00
   3578.00  0.0000e+00
   3580.00  0.0000e+00
   3582.00  0.0000e+00
   3584.00  0.0000e+00
   3586.00  0.0000e+00
   3588.00  0.0000e+00
   3590.00  0.0000e+00
   3592.00  0.0000e+00
   3594.00  0.0000e+00
   3596.00  0.0000e+00
   3598.00  0.0000e+00
   3600.00  0.0000e+00
   3602.00  0.0000e+00
   3604.00  0.0000e+00
   3606.00  0.0000e+00
   3608.00  0.0000e+00
   3610.00  0.0000e+00
   3612.00  0.0000e+00
   3614.00  0.0000e+00
   3616.00  0.0000e+00
   3618.00  0.0000e+00
   3620.00  0.0000e+00
   3622.00  0.0000e+00
   3624.00  0.0000e+00
   3626.00  0.0000e+00
   3628.00  0.0000e+00
   3630.00  0.0000e+00
   3632.00  0.0000e+00
   3634.00  0.0000e+00
   3636.00  0.0000e+00
   3638.00  0.0000e+00
   3640.00  0.0000e+00
   3642.00  0.0000e+00
   3644.00  0.0000e+00
   3646.00  0.0000e+00
   3648.00  0.0000e+00
   3650.00  0.0000e+00
   3652.00  0.0000e+00
   3654.00  0.0000e+00
   3656.00  0.0000e+00
   3658.00  0.0000e+00
   3660.00  0.0000e+00
   3662.00  0.0000e+00
   3664.00  0.0000e+00
   3666.00  0.0000e+00
   3668.00  0.0000e+00
   3670.00  0.0000e+00
   3672.00  0.0000e+00
   3674.00  0.0000e+00
   3676.00  0.0000e+00
   3678.00  0.0000e+00
   3680.00  0.0000e+00
   3682.00  0.0000e+00
   3684.00  0.0000e+00
   3686.00  0.0000e+00
   3688.00  0.0000e+00
   3690.00  0.0000e+00
   3692.00  0.0000e+00
   3694.00  0.0000e+00
   3696.00  0.0000e+00
   3698.00  0.0000e+00
   3700.00  0.0000e+00
   3702.00  0.0000e+00
   3704.00  0.0000e+00
   3706.00  0.0000e+00
   3708.00  0.0000e+00
   3710.00  0.0000e+00
   3712.00  0.0000e+00
   3714.00  0.0000e+00
   3716.00  0.0000e+00
   3718.00  0.0000e+00
   3720.00  0.0000e+00
   3722.00  0.0000e+00
   3724.00  0.0000e+00
   3726.00  0.0000e+00
   3728.00  0.0000e+00
   3730.00  0.0000e+00
   3732.00  0.0000e+00
   3734.00  0.0000e+00
   3736.00  0.0000e+00
   3738.00  0.0000e+00
   3740.00  0.0000e+00
   3742.00  0.0000e+00
   3744.00  0.0000e+00
   3746.00  0.0000e+00
   3748.00  0.0000e+00
   3750.00  0.0000e+00
   3752.00  0.0000e+00
   3754.00  0.0000e+00
   3756.00  0.0000e+00
   3758.00  0.0000e+00
   3760.00  0.0000e+00
   3762.00  0.0000e+00
   3764.00  0.0000e+00
   3766.00  0.0000e+00
   3768.00  0.0000e+00
   3770.00  0.0000e+00
   3772.00  0.0000e+00
   3774.00  0.0000e+00
   3776.00  0.0000e+00
   3778.00  0.0000e+00
   3780.00  0.0000e+00
   3782.00  0.0000e+00
   3784.00  0.0000e+00
   3786.00  0.0000e+00
   3788.00  0.0000e+00
   3790.00  0.0000e+00
   3792.00  0.0000e+00
   3794.00  0.0000e+00
   3796.00  0.0000e+00
   3798.00  0.0000e+00
   3800.00  0.0000e+00
   3802.00  0.0000e+00
   3804.00  0.0000e+00
   3806.00  0.0000e+00
   3808.00  0.0000e+00
   3810.00  0.0000e+00
   3812.00  0.0000e+00
   3814.00  0.0000e+00
   3816.00  0.0000e+00
   3818.00  0.0000e+00
   3820.00  0.0000e+00
   3822.00  0.0000e+00
   3824.00  0.0000e+00
   3826.00  0.0000e+00
   3828.00  0.0000e+00
   3830.00  0.0000e+00
   3832.00  0.0000e+00
   3834.00  0.0000e+00
   3836.00  0.0000e+00
   3838.00  0.0000e+00
   3840.00  0.0000e+00
   3842.00  0.0000e+00
   3844.00  0.0000e+00
   3846.00  0.0000e+00
   3848.00  0.0000e+00
   3850.00  0.0000e+00
   3852.00  0.0000e+00
   3854.00  0.0000e+00
   3856.00  0.0000e+00
   3858.00  0.0000e+00
   3860.00  0.0000e+00
   3862.00  0.0000e+00
   3864.00  0.0000e+00
   3866.00  0.0000e+00
   3868.00  0.0000e+00
   3870.00  0.0000e+00
   3872.00  0.0000e+00
   3874.00  0.0000e+00
   3876.00  0.0000e+00
   3878.00  0.0000e+00
   3880.00  0.0000e+00
   3882.00  0.0000e+00
   3884.00  0.0000e+00
   3886.00  0.0000e+00
   3888.00  0.0000e+00
   3890.00  0.0000e+00
   3892.00  0.0000e+00
   3894.00  0.0000e+00
   3896.00  0.0000e+00
   3898.00  0.0000e+00
   3900.00  0.0000e+00
   3902.00  0.0000e+00
   3904.00  0.0000e+00
   3906.00  0.0000e+00
   3908.00  0.0000e+00
   3910.00  0.0000e+00
   3912.00  0.0000e+00
   3914.00  0.0000e+00
   3916.00  0.0000e+00
   3918.00  0.0000e+00
   3920.00  0.0000e+00
   3922.00  0.0000e+00
   3924.00  0.0000e+00
   3926.00  0.0000e+00
   3928.00  0.0000e+00
   3930.00  0.0000e+00
   3932.00  0.0000e+00
   3934.00  0.0000e+00
   3936.00  0.0000e+00
   3938.00  0.0000e+00
   3940.00  0.0000e+00
   3942.00  0.0000e+00
   3944.00  0.0000e+00
   3946.00  0.0000e+00
   3948.00  0.0000e+00
   3950.00  0.0000e+00
   3952.00  0.0000e+00
   3954.00  0.0000e+00
   3956.00  0.0000e+00
   3958.00  0.0000e+00
   3960.00  0.0000e+00
   3962.00  0.0000e+00
   3964.00  0.0000e+00
   3966.00  0.0000e+00
   3968.00  0.0000e+00
   3970.00  0.0000e+00
   3972.00  0.0000e+00
   3974.00  0.0000e+00
   3976.00  0.0000e+00
   3978.00  0.0000e+00
   3980.00  0.0000e+00
   3982.00  0.0000e+00
   3984.00  0.0000e+00
   3986.00  0.0000e+00
   3988.00  0.0000e+00
   3990.00  0.0000e+00
   3992.00  0.0000e+00
   3994.00  0.0000e+00
   3996.00  0.0000e+00
   3998.00  0.0000e+00
