  1.425   0.878   0.592 
  1.484   0.959   0.549 
  1.327   0.878   0.542 
  1.416   0.904   0.697 
  1.499   0.745   0.582 
  1.592   0.723   0.666 
  1.487   0.671   0.480 
  1.370   0.665   0.392 
  1.366   0.731   0.298 
  1.383   0.567   0.346 
  1.275   0.686   0.444 
  1.539   0.590   0.483 
  0.195   1.215   0.399 
  0.129   1.299   0.405 
  0.186   1.164   0.299 
  0.159   1.141   0.466 
  0.346   1.240   0.417 
  0.408   1.275   0.315 
  0.391   1.247   0.540 
  0.342   1.192   0.666 
  0.424   1.165   0.732 
  0.280   1.265   0.714 
  0.290   1.106   0.640 
  0.491   1.274   0.544 
  1.607   1.549   1.336 
  1.593   1.435   1.346 
  1.518   1.605   1.379 
  1.631   1.577   1.231 
  1.723   1.571   1.437 
  1.833   1.595   1.394 
  1.705   1.557   1.568 
  1.584   1.507   1.631 
  1.614   1.457   1.714 
  1.499   1.575   1.669 
  1.539   1.428   1.566 
  1.772   1.595   1.633 
  0.563   1.726   1.992 
  0.632   1.806   1.995 
  0.526   1.709   2.092 
  0.615   1.644   1.963 
  0.445   1.741   1.901 
  0.400   1.846   1.867 
  0.379   1.633   1.863 
  0.417   1.497   1.903 
  0.481   1.474   1.990 
  0.327   1.444   1.939 
  0.467   1.431   1.830 
  0.291   1.646   1.813 
  0.412   1.535   0.969 
  0.366   1.534   0.868 
  0.354   1.601   1.040 
  0.516   1.579   0.979 
  0.405   1.391   1.025 
  0.508   1.328   1.034 
  0.300   1.363   1.095 
  0.169   1.421   1.117 
  0.100   1.359   1.069 
  0.154   1.432   1.223 
  0.166   1.515   1.070 
  0.307   1.266   1.132 
  2.300   2.895   2.848 
  2.237   2.828   2.784 
  2.374   2.953   2.787 
  2.354   2.814   2.898 
  2.219   2.975   2.954 
  2.134   2.929   3.028 
  2.241   3.105   2.970 
  2.325   3.194   2.903 
  2.422   3.151   2.912 
  2.310   3.198   2.795 
  2.322   3.298   2.937 
  2.186   3.152   3.036 
  2.348   0.549   1.424 
  2.322   0.603   1.332 
  2.455   0.556   1.434 
  2.326   0.442   1.424 
  2.292   0.618   1.544 
  2.373   0.644   1.638 
  2.169   0.665   1.533 
  2.068   0.641   1.429 
  2.094   0.621   1.324 
  2.010   0.563   1.471 
  2.002   0.727   1.436 
  2.146   0.732   1.604 
  1.788   1.926   2.124 
  1.803   1.917   2.232 
  1.875   1.866   2.083 
  1.803   2.026   2.096 
  1.647   1.882   2.098 
  1.559   1.902   2.184 
  1.610   1.801   2.002 
  1.705   1.754   1.900 
  1.652   1.676   1.844 
  1.734   1.840   1.837 
  1.796   1.716   1.943 
  1.519   1.753   2.014 
  2.805   0.329   2.407 
  2.823   0.249   2.333 
  2.702   0.329   2.401 
  2.834   0.427   2.361 
  2.871   0.295   2.541 
  2.808   0.214   2.612 
  2.990   0.339   2.581 
  3.069   0.428   2.502 
  3.148   0.460   2.562 
  3.094   0.394   2.403 
  3.024   0.520   2.475 
  3.030   0.310   2.671 
  0.921   1.239   0.446 
  0.950   1.172   0.521 
  0.957   1.197   0.357 
  0.959   1.340   0.474 
  0.764   1.253   0.446 
  0.699   1.208   0.538 
  0.700   1.306   0.344 
  0.753   1.379   0.233 
  0.829   1.447   0.263 
  0.808   1.314   0.175 
  0.672   1.420   0.165 
  0.599   1.302   0.358 
  1.996   2.241   2.081 
  1.954   2.217   2.177 
  1.915   2.298   2.026 
  2.018   2.153   2.023 
  2.132   2.312   2.092 
  2.230   2.264   2.034 
  2.146   2.420   2.171 
  2.041   2.478   2.248 
  1.939   2.449   2.212 
  2.049   2.458   2.356 
  2.049   2.583   2.235 
  2.242   2.465   2.172 
  2.793   0.763   0.820 
  2.760   0.659   0.817 
  2.743   0.809   0.903 
  2.739   0.803   0.730 
  2.946   0.787   0.829 
  3.005   0.832   0.732 
  3.012   0.741   0.929 
  2.966   0.700   1.058 
  2.970   0.591   1.063 
  3.030   0.752   1.127 
  2.868   0.733   1.080 
  3.110   0.764   0.920 
  0.223   1.855   1.254 
  0.301   1.927   1.257 
  0.244   1.767   1.193 
  0.133   1.911   1.219 
  0.188   1.822   1.402 
  0.088   1.874   1.452 
  0.263   1.735   1.471 
  0.362   1.640   1.430 
  0.463   1.677   1.455 
  0.356   1.547   1.481 
  0.365   1.608   1.322 
  0.228   1.711   1.560 
  1.282   0.363   1.565 
  1.249   0.266   1.524 
  1.192   0.419   1.590 
  1.328   0.412   1.482 
  1.377   0.368   1.680 
  1.402   0.259   1.729 
  1.440   0.483   1.712 
  1.406   0.617   1.668 
  1.426   0.639   1.564 
  1.306   0.635   1.685 
  1.463   0.691   1.731 
  1.491   0.473   1.799 
  1.440   1.265   1.069 
  1.468   1.368   1.096 
  1.452   1.258   0.964 
  1.330   1.261   1.090 
  1.529   1.164   1.142 
  1.593   1.204   1.238 
  1.539   1.039   1.098 
  1.480   0.985   0.975 
  1.455   0.884   0.981 
  1.390   1.039   0.932 
  1.557   0.976   0.895 
  1.598   0.968   1.142 
  2.769   1.517   0.295 
  2.779   1.459   0.384 
  2.765   1.621   0.324 
  2.678   1.487   0.242 
  2.887   1.484   0.204 
  2.976   1.563   0.187 
  2.905   1.362   0.156 
  2.819   1.253   0.187 
  2.866   1.179   0.126 
  2.822   1.221   0.287 
  2.714   1.271   0.164 
  2.992   1.347   0.115 
  2.335   0.014   1.855 
  2.245  -0.024   1.803 
  2.315   0.121   1.896 
  2.422   0.022   1.791 
  2.384  -0.090   1.958 
  2.505  -0.095   1.980 
  2.306  -0.161   2.046 
  2.158  -0.135   2.055 
  2.107  -0.119   1.956 
  2.104  -0.223   2.085 
  2.142  -0.052   2.124 
  2.344  -0.226   2.118 
  2.219   1.010   1.986 
  2.167   0.959   2.064 
  2.316   1.045   2.031 
  2.172   1.101   1.955 
  2.254   0.919   1.859 
  2.200   0.942   1.752 
  2.353   0.824   1.862 
  2.424   0.782   1.984 
  2.495   0.696   1.956 
  2.477   0.869   2.025 
  2.359   0.752   2.059 
  2.369   0.771   1.774 
  2.484   1.052   2.264 
  2.567   1.036   2.200 
  2.435   0.953   2.277 
  2.402   1.109   2.227 
  2.518   1.081   2.407 
  2.632   1.124   2.444 
  2.422   1.073   2.507 
  2.286   1.027   2.490 
  2.224   1.073   2.569 
  2.251   1.066   2.395 
  2.286   0.917   2.504 
  2.453   1.117   2.588 
  2.298   2.274   0.324 
  2.217   2.348   0.327 
  2.256   2.175   0.348 
  2.358   2.297   0.408 
  2.364   2.272   0.184 
  2.301   2.330   0.097 
  2.483   2.206   0.166 
  2.579   2.155   0.263 
  2.532   2.114   0.355 
  2.633   2.083   0.202 
  2.643   2.239   0.291 
  2.504   2.171   0.067 
  2.225   2.077   1.741 
  2.178   2.120   1.652 
  2.245   2.152   1.818 
  2.320   2.049   1.697 
  2.163   1.951   1.782 
  2.131   1.937   1.898 
  2.114   1.864   1.694 
  2.141   1.868   1.551 
  2.217   1.936   1.520 
  2.177   1.775   1.525 
  2.037   1.886   1.513 
  2.070   1.778   1.716 
  0.928   2.883   1.211 
  1.026   2.921   1.246 
  0.846   2.894   1.278 
  0.928   2.777   1.216 
  0.883   2.946   1.079 
  0.939   3.045   1.039 
  0.811   2.884   0.997 
  0.758   2.750   1.006 
  0.829   2.684   0.962 
  0.736   2.708   1.108 
  0.668   2.745   0.953 
  0.801   2.927   0.905 
  0.448   2.322   2.061 
  0.479   2.277   2.153 
  0.507   2.400   2.025 
  0.350   2.357   2.074 
  0.457   2.202   1.961 
  0.476   2.234   1.846 
  0.400   2.091   1.995 
  0.355   2.030   2.120 
  0.426   1.956   2.150 
  0.335   2.103   2.192 
  0.255   1.977   2.102 
  0.375   2.032   1.916 
  1.951   2.532   0.470 
  1.849   2.535   0.438 
  2.009   2.442   0.437 
  1.944   2.521   0.577 
  2.007   2.662   0.419 
  2.003   2.758   0.493 
  2.039   2.678   0.293 
  2.022   2.578   0.187 
  2.070   2.627   0.098 
  2.079   2.483   0.219 
  1.915   2.567   0.169 
  2.071   2.767   0.269 
  2.345   2.866   0.445 
  2.241   2.887   0.421 
  2.355   2.755   0.455 
  2.372   2.903   0.549 
  2.439   2.912   0.330 
  2.512   3.012   0.339 
  2.467   2.822   0.229 
  2.425   2.679   0.216 
  2.319   2.678   0.191 
  2.456   2.626   0.301 
  2.467   2.623   0.135 
  2.539   2.832   0.160 
  0.372   2.633   1.045 
  0.471   2.615   1.001 
  0.299   2.647   0.966 
  0.383   2.730   1.101 
  0.331   2.508   1.124 
  0.404   2.465   1.207 
  0.224   2.435   1.092 
  0.106   2.472   1.014 
  0.020   2.453   1.085 
  0.112   2.580   0.992 
  0.096   2.418   0.920 
  0.214   2.359   1.151 
  2.389   2.788   1.277 
  2.302   2.853   1.279 
  2.379   2.727   1.187 
  2.400   2.723   1.368 
  2.499   2.893   1.246 
  2.543   2.894   1.130 
  2.503   3.008   1.321 
  2.457   3.033   1.456 
  2.530   3.101   1.496 
  2.362   3.091   1.437 
  2.450   2.942   1.513 
  2.552   3.085   1.281 
  0.180   1.762   2.287 
  0.160   1.829   2.372 
  0.261   1.801   2.227 
  0.094   1.750   2.218 
  0.208   1.622   2.340 
  0.112   1.547   2.350 
  0.324   1.578   2.383 
  0.432   1.671   2.422 
  0.465   1.725   2.337 
  0.405   1.743   2.499 
  0.516   1.613   2.451 
  0.335   1.482   2.409 
  2.221   1.876   0.680 
  2.123   1.834   0.682 
  2.292   1.808   0.637 
  2.259   1.902   0.780 
  2.235   2.009   0.606 
  2.328   2.030   0.523 
  2.158   2.108   0.643 
  2.047   2.112   0.738 
  2.022   2.220   0.750 
  1.961   2.063   0.699 
  2.073   2.070   0.835 
  2.188   2.203   0.613 
  1.612   0.118   1.082 
  1.616   0.087   0.976 
  1.602   0.029   1.153 
  1.524   0.177   1.094 
  1.731   0.198   1.117 
  1.825   0.214   1.039 
  1.720   0.272   1.230 
  1.623   0.256   1.334 
  1.514   0.258   1.312 
  1.640   0.176   1.402 
  1.615   0.345   1.392 
  1.798   0.340   1.248 
  0.755   0.915   0.803 
  0.721   0.816   0.777 
  0.756   0.958   0.703 
  0.858   0.908   0.822 
  0.664   0.985   0.900 
  0.558   0.926   0.938 
  0.692   1.109   0.942 
  0.806   1.191   0.897 
  0.758   1.277   0.846 
  0.856   1.223   0.996 
  0.876   1.140   0.830 
  0.622   1.158   0.996 
  1.241   1.242   0.619 
  1.341   1.284   0.633 
  1.229   1.182   0.530 
  1.180   1.336   0.611 
  1.194   1.168   0.743 
  1.180   1.051   0.731 
  1.179   1.234   0.853 
  1.197   1.377   0.877 
  1.170   1.397   0.979 
  1.301   1.407   0.863 
  1.126   1.439   0.822 
  1.131   1.177   0.927 
  1.643   2.113   1.506 
  1.592   2.108   1.409 
  1.744   2.068   1.507 
  1.582   2.060   1.576 
  1.653   2.256   1.551 
  1.581   2.339   1.499 
  1.721   2.282   1.664 
  1.802   2.198   1.754 
  1.748   2.108   1.780 
  1.902   2.179   1.705 
  1.825   2.249   1.838 
  1.700   2.370   1.708 
  1.529   0.580   2.040 
  1.469   0.546   2.123 
  1.540   0.684   2.064 
  1.488   0.571   1.941 
  1.662   0.518   2.022 
  1.702   0.481   1.910 
  1.748   0.533   2.126 
  1.726   0.587   2.254 
  1.695   0.692   2.246 
  1.645   0.538   2.301 
  1.815   0.578   2.315 
  1.839   0.490   2.114 
  2.252   1.866   2.421 
  2.280   1.768   2.442 
  2.342   1.930   2.422 
  2.190   1.903   2.502 
  2.177   1.875   2.294 
  2.077   1.806   2.285 
  2.233   1.934   2.183 
  2.368   1.985   2.164 
  2.431   1.907   2.209 
  2.402   2.008   2.067 
  2.376   2.067   2.237 
  2.175   1.932   2.103 
  2.608   0.496   2.729 
  2.681   0.431   2.684 
  2.649   0.583   2.773 
  2.573   0.439   2.812 
  2.493   0.524   2.632 
  2.381   0.473   2.648 
  2.500   0.630   2.549 
  2.611   0.726   2.519 
  2.706   0.675   2.505 
  2.596   0.777   2.426 
  2.629   0.797   2.597 
  2.416   0.649   2.496 
  2.576   2.413   2.228 
  2.675   2.428   2.187 
  2.569   2.320   2.295 
  2.516   2.381   2.149 
  2.521   2.543   2.274 
  2.417   2.583   2.223 
  2.598   2.630   2.344 
  2.725   2.605   2.407 
  2.703   2.574   2.509 
  2.775   2.517   2.357 
  2.791   2.692   2.410 
  2.567   2.726   2.346 
  0.821   1.613   2.777 
  0.862   1.591   2.871 
  0.904   1.658   2.727 
  0.743   1.691   2.781 
  0.777   1.491   2.697 
  0.702   1.503   2.602 
  0.840   1.374   2.717 
  0.788   1.249   2.665 
  0.682   1.239   2.635 
  0.845   1.213   2.577 
  0.793   1.182   2.743 
  0.915   1.368   2.786 
  2.783   0.955   1.862 
  2.740   1.043   1.901 
  2.712   0.875   1.885 
  2.875   0.925   1.908 
  2.809   0.953   1.707 
  2.842   1.061   1.652 
  2.784   0.841   1.640 
  2.760   0.706   1.693 
  2.656   0.703   1.727 
  2.784   0.619   1.623 
  2.823   0.679   1.785 
  2.801   0.841   1.539 
  2.522   1.535   1.497 
  2.439   1.520   1.560 
  2.548   1.451   1.429 
  2.615   1.544   1.564 
  2.488   1.668   1.423 
  2.393   1.659   1.342 
  2.540   1.780   1.468 
  2.642   1.804   1.571 
  2.646   1.736   1.655 
  2.740   1.808   1.523 
  2.637   1.908   1.613 
  2.500   1.867   1.424 
  1.085   1.808   2.008 
  1.023   1.787   2.100 
  1.042   1.900   1.970 
  1.075   1.732   1.931 
  1.235   1.823   2.044 
  1.311   1.770   1.966 
  1.263   1.897   2.150 
  1.185   1.991   2.230 
  1.104   1.936   2.284 
  1.239   2.054   2.305 
  1.146   2.071   2.175 
  1.358   1.883   2.178 
  0.961   2.547   1.633 
  0.890   2.483   1.586 
  0.933   2.549   1.738 
  0.950   2.645   1.595 
  1.106   2.491   1.621 
  1.192   2.514   1.708 
  1.136   2.412   1.519 
  1.274   2.396   1.480 
  1.320   2.472   1.418 
  1.340   2.369   1.565 
  1.284   2.309   1.419 
  1.063   2.387   1.452 
  1.712   0.931   1.427 
  1.691   0.998   1.348 
  1.635   0.938   1.495 
  1.809   0.954   1.470 
  1.705   0.795   1.370 
  1.657   0.778   1.259 
  1.728   0.690   1.454 
  1.760   0.684   1.597 
  1.677   0.677   1.655 
  1.801   0.583   1.609 
  1.821   0.762   1.631 
  1.733   0.603   1.400 
  1.269   1.546   2.370 
  1.298   1.502   2.275 
  1.155   1.531   2.357 
  1.272   1.655   2.368 
  1.340   1.482   2.495 
  1.448   1.425   2.470 
  1.291   1.506   2.612 
  1.169   1.588   2.636 
  1.133   1.592   2.738 
  1.185   1.693   2.603 
  1.096   1.536   2.578 
  1.346   1.483   2.694 
  0.876   0.996   1.989 
  0.895   0.894   1.970 
  0.848   1.017   2.094 
  0.790   1.016   1.926 
  0.995   1.088   1.972 
  1.062   1.127   2.066 
  1.025   1.140   1.848 
  0.932   1.130   1.731 
  0.980   1.169   1.641 
  0.910   1.022   1.713 
  0.844   1.180   1.741 
  1.100   1.210   1.847 
  1.342   0.730   2.709 
  1.236   0.766   2.739 
  1.395   0.819   2.669 
  1.329   0.655   2.630 
  1.407   0.678   2.841 
  1.334   0.684   2.942 
  1.538   0.636   2.845 
  1.633   0.639   2.728 
  1.584   0.667   2.632 
  1.699   0.721   2.744 
  1.671   0.533   2.721 
  1.573   0.602   2.934 
  0.722   2.586   2.424 
  0.820   2.555   2.411 
  0.694   2.626   2.329 
  0.715   2.660   2.505 
  0.648   2.458   2.456 
  0.566   2.418   2.377 
  0.677   2.392   2.572 
  0.756   2.442   2.687 
  0.680   2.496   2.742 
  0.804   2.361   2.733 
  0.834   2.515   2.664 
  0.634   2.303   2.583 
  0.100   2.766   1.299 
  0.081   2.786   1.403 
  0.117   2.663   1.308 
  0.186   2.825   1.257 
 -0.027   2.795   1.223 
 -0.058   2.740   1.115 
 -0.096   2.903   1.261 
 -0.072   3.001   1.371 
  0.031   3.035   1.373 
 -0.136   3.086   1.354 
 -0.102   2.967   1.469 
 -0.164   2.934   1.199 
  0.147   0.077   1.848 
  0.212   0.159   1.885 
  0.039   0.104   1.863 
  0.166  -0.011   1.904 
  0.183   0.053   1.698 
  0.178   0.144   1.620 
  0.210  -0.070   1.653 
  0.212  -0.204   1.719 
  0.151  -0.211   1.809 
  0.184  -0.286   1.657 
  0.320  -0.226   1.747 
  0.218  -0.080   1.557 
  0.657   1.577   1.637 
  0.642   1.660   1.570 
  0.581   1.505   1.608 
  0.635   1.590   1.742 
  0.804   1.536   1.645 
  0.840   1.416   1.635 
  0.900   1.624   1.659 
  0.875   1.767   1.688 
  0.816   1.808   1.606 
  0.828   1.773   1.784 
  0.968   1.823   1.706 
  0.991   1.583   1.655 
  0.531   2.586   0.158 
  0.565   2.629   0.065 
  0.593   2.632   0.238 
  0.562   2.482   0.143 
  0.384   2.594   0.200 
  0.315   2.496   0.188 
  0.345   2.698   0.277 
  0.411   2.822   0.296 
  0.513   2.817   0.340 
  0.407   2.877   0.205 
  0.357   2.884   0.374 
  0.251   2.692   0.317 
  0.112   1.126   2.068 
  0.103   1.139   1.961 
  0.169   1.042   2.101 
  0.010   1.098   2.104 
  0.163   1.248   2.135 
  0.280   1.277   2.121 
  0.071   1.340   2.165 
 -0.079   1.318   2.159 
 -0.119   1.246   2.236 
 -0.118   1.417   2.177 
 -0.101   1.279   2.060 
  0.101   1.439   2.193 
  0.060   2.672   2.115 
  0.113   2.733   2.052 
  0.060   2.721   2.203 
  0.110   2.577   2.134 
 -0.080   2.650   2.060 
 -0.106   2.545   1.998 
 -0.162   2.748   2.078 
 -0.142   2.873   2.150 
 -0.139   2.850   2.251 
 -0.066   2.947   2.113 
 -0.228   2.932   2.155 
 -0.243   2.749   2.021 
  1.815   2.713   1.221 
  1.835   2.784   1.138 
  1.857   2.618   1.190 
  1.707   2.706   1.212 
  1.863   2.764   1.358 
  1.901   2.878   1.360 
  1.869   2.688   1.465 
  1.833   2.549   1.477 
  1.744   2.529   1.409 
  1.915   2.487   1.434 
  1.807   2.509   1.572 
  1.910   2.720   1.552 
  2.384   1.510   0.693 
  2.429   1.582   0.627 
  2.279   1.551   0.696 
  2.451   1.519   0.786 
  2.416   1.384   0.610 
  2.534   1.361   0.585 
  2.332   1.287   0.600 
  2.197   1.260   0.647 
  2.154   1.354   0.661 
  2.136   1.208   0.568 
  2.203   1.193   0.731 
  2.359   1.213   0.530 
  1.994   1.020   0.934 
  1.995   0.910   0.928 
  1.910   1.060   0.879 
  2.090   1.072   0.897 
  1.977   1.079   1.072 
  1.984   1.008   1.174 
  1.940   1.206   1.085 
  1.976   1.311   0.984 
  2.064   1.285   0.922 
  1.893   1.331   0.916 
  2.002   1.401   1.040 
  1.927   1.242   1.182 
  2.612   2.212   1.713 
  2.562   2.144   1.784 
  2.538   2.263   1.656 
  2.678   2.162   1.646 
  2.704   2.308   1.781 
  2.820   2.287   1.793 
  2.647   2.413   1.849 
  2.501   2.439   1.864 
  2.495   2.511   1.954 
  2.452   2.493   1.780 
  2.448   2.350   1.877 
  2.721   2.470   1.896 
  1.477   0.976   0.190 
  1.424   0.903   0.115 
  1.549   1.041   0.138 
  1.534   0.919   0.264 
  1.386   1.064   0.275 
  1.272   1.032   0.292 
  1.428   1.175   0.332 
  1.558   1.225   0.357 
  1.583   1.310   0.300 
  1.555   1.273   0.459 
  1.643   1.155   0.345 
  1.356   1.230   0.378 
  0.170   0.623   2.123 
  0.240   0.632   2.034 
  0.141   0.727   2.157 
  0.226   0.567   2.200 
  0.050   0.537   2.086 
  0.066   0.440   2.010 
 -0.075   0.580   2.091 
 -0.152   0.674   2.176 
 -0.146   0.642   2.286 
 -0.115   0.773   2.166 
 -0.256   0.677   2.147 
 -0.129   0.522   2.030 
  1.833   1.486   2.641 
  1.885   1.518   2.732 
  1.728   1.522   2.640 
  1.833   1.376   2.640 
  1.918   1.527   2.524 
  1.995   1.448   2.470 
  1.901   1.651   2.485 
  1.809   1.745   2.521 
  1.836   1.777   2.627 
  1.815   1.829   2.453 
  1.713   1.694   2.526 
  1.970   1.683   2.418 
  2.534   1.846   2.744 
  2.631   1.803   2.751 
  2.464   1.807   2.823 
  2.494   1.807   2.649 
  2.535   2.004   2.729 
  2.499   2.079   2.824 
  2.567   2.057   2.611 
  2.610   1.990   2.483 
  2.607   2.059   2.395 
  2.708   1.950   2.502 
  2.551   1.905   2.465 
  2.541   2.153   2.603 
  0.894   1.699   0.375 
  0.815   1.674   0.307 
  0.932   1.600   0.406 
  0.854   1.742   0.461 
  1.008   1.785   0.314 
  1.012   1.908   0.320 
  1.101   1.724   0.246 
  1.110   1.575   0.213 
  1.177   1.548   0.136 
  1.141   1.517   0.300 
  1.008   1.541   0.177 
  1.175   1.790   0.223 
  2.741   2.714   1.681 
  2.682   2.729   1.770 
  2.829   2.656   1.702 
  2.772   2.809   1.635 
  2.654   2.638   1.579 
  2.530   2.656   1.581 
  2.706   2.537   1.512 
  2.845   2.509   1.496 
  2.892   2.605   1.470 
  2.881   2.472   1.590 
  2.853   2.432   1.414 
  2.637   2.489   1.448 
  2.732   2.441   0.524 
  2.727   2.515   0.446 
  2.814   2.475   0.597 
  2.754   2.351   0.470 
  2.590   2.450   0.589 
  2.527   2.556   0.582 
  2.538   2.351   0.662 
  2.609   2.219   0.675 
  2.548   2.164   0.745 
  2.597   2.159   0.582 
  2.715   2.226   0.706 
  2.444   2.366   0.702 
  0.559   0.791   2.053 
  0.623   0.816   1.964 
  0.622   0.747   2.129 
  0.471   0.730   2.040 
  0.504   0.921   2.122 
  0.478   0.925   2.243 
  0.474   1.023   2.048 
  0.471   1.026   1.904 
  0.399   1.103   1.867 
  0.570   1.067   1.889 
  0.456   0.933   1.855 
  0.441   1.100   2.100 
  0.931   0.202   1.775 
  0.859   0.267   1.823 
  1.024   0.197   1.835 
  0.948   0.238   1.673 
  0.878   0.058   1.772 
  0.774   0.037   1.833 
  0.945  -0.036   1.708 
  1.080  -0.019   1.649 
  1.143   0.033   1.716 
  1.129  -0.114   1.618 
  1.067   0.037   1.558 
  0.911  -0.131   1.714 
  0.698   2.231   1.478 
  0.628   2.283   1.424 
  0.676   2.232   1.587 
  0.793   2.272   1.481 
  0.715   2.094   1.413 
  0.800   2.087   1.330 
  0.613   2.005   1.420 
  0.508   2.002   1.520 
  0.515   1.915   1.578 
  0.507   2.080   1.593 
  0.407   1.990   1.481 
  0.630   1.919   1.367 
  2.505   0.380   1.769 
  2.468   0.283   1.740 
  2.443   0.436   1.835 
  2.504   0.436   1.676 
  2.643   0.379   1.834 
  2.655   0.415   1.954 
  2.751   0.336   1.772 
  2.764   0.306   1.627 
  2.869   0.316   1.592 
  2.748   0.197   1.610 
  2.696   0.364   1.558 
  2.832   0.342   1.826 
  2.258   1.986   1.189 
  2.152   1.957   1.183 
  2.294   1.948   1.291 
  2.254   2.093   1.190 
  2.352   1.947   1.071 
  2.357   2.014   0.973 
  2.422   1.827   1.077 
  2.506   1.780   0.973 
  2.443   1.755   0.879 
  2.578   1.858   0.959 
  2.552   1.685   0.998 
  2.398   1.771   1.161 
  0.845   0.631   0.477 
  0.771   0.696   0.518 
  0.862   0.659   0.373 
  0.813   0.524   0.471 
  0.984   0.648   0.535 
  1.031   0.555   0.592 
  1.050   0.766   0.534 
  0.987   0.897   0.515 
  0.984   0.948   0.609 
  1.054   0.951   0.441 
  0.890   0.886   0.470 
  1.143   0.762   0.580 
  1.898   1.133   2.389 
  1.818   1.102   2.444 
  1.981   1.069   2.420 
  1.905   1.232   2.440 
  1.874   1.137   2.233 
  1.937   1.069   2.153 
  1.769   1.205   2.187 
  1.683   1.286   2.275 
  1.589   1.313   2.230 
  1.661   1.225   2.363 
  1.733   1.375   2.311 
  1.731   1.184   2.094 
  2.899   1.537   1.453 
  2.931   1.550   1.348 
  2.818   1.607   1.465 
  2.983   1.540   1.520 
  2.848   1.398   1.459 
  2.819   1.346   1.353 
  2.834   1.328   1.575 
  2.863   1.375   1.703 
  2.837   1.478   1.727 
  2.825   1.310   1.786 
  2.967   1.370   1.720 
  2.818   1.232   1.564 
  0.640   1.974   0.276 
  0.694   1.883   0.264 
  0.541   1.960   0.236 
  0.682   2.056   0.223 
  0.618   2.002   0.431 
  0.651   1.931   0.524 
  0.564   2.124   0.455 
  0.512   2.224   0.356 
  0.452   2.174   0.282 
  0.441   2.302   0.389 
  0.593   2.268   0.307 
  0.547   2.142   0.554 
  1.263   1.832   1.611 
  1.274   1.858   1.716 
  1.157   1.814   1.583 
  1.296   1.722   1.609 
  1.341   1.918   1.516 
  1.444   1.868   1.469 
  1.275   2.010   1.451 
  1.135   2.049   1.477 
  1.064   1.992   1.424 
  1.102   2.055   1.584 
  1.119   2.154   1.441 
  1.324   2.058   1.375 
  0.206   2.928   2.447 
  0.151   2.952   2.533 
  0.139   2.923   2.361 
  0.235   2.823   2.470 
  0.332   3.013   2.418 
  0.419   3.006   2.508 
  0.342   3.099   2.321 
  0.247   3.109   2.208 
  0.246   3.019   2.144 
  0.142   3.130   2.230 
  0.282   3.189   2.148 
  0.435   3.133   2.305 
  2.689   1.697   2.289 
  2.754   1.632   2.245 
  2.659   1.784   2.227 
  2.732   1.749   2.366 
  2.564   1.618   2.327 
  2.514   1.634   2.444 
  2.526   1.513   2.253 
  2.400   1.440   2.260 
  2.394   1.341   2.299 
  2.324   1.510   2.297 
  2.372   1.423   2.159 
  2.574   1.493   2.163 
  1.263   0.286   2.085 
  1.255   0.298   1.977 
  1.183   0.331   2.129 
  1.358   0.332   2.123 
  1.276   0.141   2.135 
  1.213   0.099   2.230 
  1.367   0.065   2.084 
  1.444   0.084   1.965 
  1.394   0.083   1.868 
  1.509   0.169   1.969 
  1.506  -0.005   1.975 
  1.372  -0.029   2.120 
  1.759   2.165   1.051 
  1.806   2.235   0.978 
  1.781   2.068   1.005 
  1.649   2.195   1.044 
  1.830   2.199   1.182 
  1.857   2.322   1.209 
  1.885   2.107   1.263 
  1.844   1.969   1.258 
  1.850   1.937   1.156 
  1.919   1.909   1.308 
  1.743   1.946   1.300 
  1.949   2.130   1.337 
  1.102   1.936   2.792 
  1.163   1.855   2.749 
  0.995   1.897   2.782 
  1.113   2.020   2.725 
  1.142   1.974   2.935 
  1.235   1.920   2.990 
  1.072   2.073   3.000 
  0.935   2.118   2.969 
  0.869   2.040   3.004 
  0.904   2.201   3.036 
  0.920   2.148   2.864 
  1.103   2.112   3.091 
  2.769   1.545   0.721 
  2.665   1.556   0.751 
  2.778   1.549   0.617 
  2.813   1.452   0.755 
  2.846   1.662   0.787 
  2.947   1.635   0.847 
  2.803   1.783   0.764 
  2.687   1.820   0.681 
  2.602   1.768   0.714 
  2.673   1.924   0.705 
  2.694   1.804   0.573 
  2.843   1.861   0.814 
  2.520   0.595   0.154 
  2.443   0.577   0.076 
  2.461   0.623   0.237 
  2.586   0.679   0.117 
  2.590   0.467   0.196 
  2.700   0.445   0.144 
  2.510   0.366   0.243 
  2.381   0.379   0.317 
  2.292   0.351   0.260 
  2.398   0.318   0.407 
  2.366   0.485   0.343 
  2.551   0.278   0.253 
  1.875   1.883   0.364 
  1.806   1.797   0.366 
  1.959   1.875   0.432 
  1.811   1.964   0.395 
  1.919   1.924   0.225 
  1.920   1.832   0.140 
  1.950   2.053   0.196 
  1.963   2.157   0.299 
  2.036   2.130   0.373 
  1.991   2.254   0.259 
  1.868   2.164   0.351 
  1.980   2.074   0.097 
  1.365   2.281   1.003 
  1.294   2.216   0.963 
  1.326   2.380   0.981 
  1.454   2.268   0.942 
  1.393   2.258   1.153 
  1.337   2.167   1.210 
  1.486   2.335   1.210 
  1.538   2.458   1.142 
  1.614   2.507   1.190 
  1.582   2.428   1.048 
  1.457   2.533   1.122 
  1.474   2.344   1.312 
  1.012   2.254   0.579 
  0.926   2.247   0.651 
  1.020   2.352   0.527 
  1.002   2.173   0.500 
  1.147   2.241   0.650 
  1.232   2.328   0.652 
  1.177   2.125   0.704 
  1.096   2.006   0.690 
  1.114   1.955   0.598 
  1.120   1.930   0.765 
  0.990   2.019   0.698 
  1.273   2.108   0.738 
  1.700   1.089   2.791 
  1.599   1.057   2.817 
  1.694   1.126   2.689 
  1.756   0.997   2.777 
  1.762   1.192   2.874 
  1.694   1.266   2.945 
  1.891   1.221   2.857 
  2.000   1.148   2.792 
  2.084   1.207   2.815 
  2.023   1.055   2.858 
  1.988   1.124   2.677 
  1.933   1.289   2.919 
  0.593   2.796   1.559 
  0.645   2.722   1.618 
  0.656   2.865   1.509 
  0.516   2.849   1.621 
  0.505   2.727   1.453 
  0.394   2.767   1.428 
  0.550   2.627   1.388 
  0.688   2.569   1.380 
  0.767   2.637   1.379 
  0.705   2.496   1.459 
  0.696   2.511   1.285 
  0.481   2.588   1.324 
  0.958   2.432   1.016 
  0.994   2.391   0.923 
  0.848   2.446   1.020 
  0.995   2.533   1.040 
  0.996   2.345   1.140 
  0.964   2.391   1.253 
  0.991   2.210   1.124 
  1.000   2.129   1.004 
  0.969   2.028   1.022 
  0.938   2.158   0.920 
  1.103   2.133   0.963 
  0.981   2.164   1.211 
  1.706   2.475   2.774 
  1.608   2.447   2.746 
  1.779   2.394   2.764 
  1.697   2.514   2.877 
  1.752   2.579   2.669 
  1.775   2.690   2.707 
  1.782   2.552   2.543 
  1.751   2.424   2.478 
  1.715   2.435   2.375 
  1.851   2.378   2.475 
  1.685   2.363   2.534 
  1.815   2.626   2.484 
  0.045   0.534   0.590 
  0.059   0.639   0.573 
  0.006   0.504   0.690 
  0.147   0.494   0.583 
 -0.049   0.483   0.493 
 -0.119   0.394   0.526 
 -0.057   0.526   0.368 
  0.021   0.630   0.304 
 -0.029   0.727   0.331 
  0.121   0.641   0.335 
  0.026   0.635   0.194 
 -0.106   0.462   0.304 
  2.105   0.933   0.289 
  1.999   0.938   0.306 
  2.152   1.025   0.327 
  2.129   0.934   0.185 
  2.170   0.805   0.356 
  2.251   0.733   0.303 
  2.141   0.778   0.483 
  2.051   0.864   0.558 
  1.949   0.875   0.524 
  2.051   0.843   0.661 
  2.097   0.963   0.555 
  2.201   0.711   0.535 
  0.271   0.764   1.607 
  0.293   0.871   1.603 
  0.368   0.712   1.580 
  0.197   0.739   1.537 
  0.213   0.724   1.738 
  0.199   0.811   1.823 
  0.182   0.598   1.764 
  0.196   0.478   1.686 
  0.097   0.445   1.639 
  0.276   0.486   1.613 
  0.223   0.386   1.743 
  0.156   0.574   1.857 
  2.480   1.334   1.152 
  2.531   1.427   1.166 
  2.375   1.350   1.177 
  2.519   1.261   1.216 
  2.494   1.296   1.004 
  2.394   1.274   0.932 
  2.614   1.294   0.946 
  2.750   1.299   1.002 
  2.761   1.223   1.076 
  2.833   1.276   0.942 
  2.771   1.394   1.061 
  2.611   1.303   0.846 
  1.860   2.807   0.854 
  1.884   2.920   0.854 
  1.901   2.752   0.936 
  1.918   2.765   0.776 
  1.716   2.775   0.847 
  1.652   2.701   0.923 
  1.656   2.801   0.724 
  1.713   2.831   0.593 
  1.814   2.869   0.605 
  1.721   2.733   0.539 
  1.642   2.886   0.533 
  1.556   2.796   0.736 
  0.221   0.927   2.449 
  0.259   1.007   2.509 
  0.268   0.841   2.494 
  0.258   0.934   2.345 
  0.072   0.925   2.464 
  0.016   0.814   2.474 
 -0.001   1.038   2.470 
  0.037   1.178   2.480 
  0.109   1.206   2.403 
 -0.050   1.239   2.469 
  0.084   1.205   2.576 
 -0.098   1.022   2.491 
  0.121   2.156   2.643 
  0.168   2.237   2.590 
  0.018   2.155   2.624 
  0.146   2.179   2.748 
  0.184   2.019   2.602 
  0.281   2.021   2.522 
  0.146   1.904   2.662 
  0.022   1.882   2.737 
 -0.073   1.895   2.684 
  0.023   1.779   2.781 
  0.030   1.947   2.826 
  0.210   1.826   2.655 
  0.682   2.833   2.761 
  0.655   2.740   2.820 
  0.628   2.834   2.669 
  0.786   2.828   2.733 
  0.654   2.963   2.845 
  0.604   2.949   2.957 
  0.712   3.077   2.813 
  0.799   3.108   2.699 
  0.860   3.029   2.693 
  0.742   3.111   2.603 
  0.854   3.200   2.717 
  0.706   3.148   2.882 
  2.164   0.331   0.618 
  2.228   0.319   0.532 
  2.081   0.405   0.602 
  2.222   0.378   0.707 
  2.128   0.184   0.660 
  2.171   0.153   0.775 
  2.052   0.111   0.578 
  1.995   0.147   0.447 
  1.885   0.123   0.443 
  1.999   0.250   0.417 
  2.038   0.091   0.364 
  2.022   0.020   0.614 
  0.178   2.024   0.362 
  0.216   2.081   0.442 
  0.233   1.934   0.366 
  0.199   2.073   0.263 
  0.030   1.988   0.391 
 -0.014   2.019   0.500 
 -0.049   1.926   0.303 
 -0.028   1.886   0.163 
 -0.096   1.805   0.126 
 -0.042   1.981   0.108 
  0.066   1.849   0.125 
 -0.136   1.902   0.343 
  1.313   1.307   2.927 
  1.336   1.215   2.981 
  1.377   1.325   2.842 
  1.321   1.392   3.000 
  1.168   1.302   2.872 
  1.073   1.341   2.944 
  1.141   1.217   2.767 
  1.240   1.160   2.678 
  1.318   1.090   2.719 
  1.188   1.096   2.607 
  1.301   1.233   2.618 
  1.045   1.184   2.758 
  2.148   2.491   0.869 
  2.042   2.493   0.840 
  2.174   2.393   0.910 
  2.157   2.563   0.949 
  2.222   2.511   0.738 
  2.255   2.408   0.683 
  2.287   2.627   0.709 
  2.266   2.754   0.781 
  2.165   2.786   0.764 
  2.282   2.736   0.885 
  2.343   2.828   0.747 
  2.375   2.615   0.649 
  2.743   2.148   1.377 
  2.720   2.228   1.444 
  2.780   2.070   1.433 
  2.816   2.186   1.304 
  2.629   2.075   1.306 
  2.526   2.055   1.363 
  2.662   1.995   1.205 
  2.795   1.996   1.145 
  2.801   1.902   1.095 
  2.804   2.081   1.083 
  2.876   1.993   1.217 
  2.589   1.939   1.171 
  1.784   0.722   0.214 
  1.888   0.706   0.210 
  1.756   0.744   0.113 
  1.761   0.809   0.278 
  1.712   0.601   0.258 
  1.630   0.541   0.188 
  1.750   0.546   0.372 
  1.854   0.596   0.456 
  1.857   0.527   0.534 
  1.950   0.596   0.402 
  1.845   0.690   0.505 
  1.716   0.445   0.383 
  2.167   1.625   2.819 
  2.248   1.675   2.872 
  2.172   1.662   2.711 
  2.067   1.661   2.862 
  2.171   1.479   2.833 
  2.115   1.431   2.930 
  2.254   1.406   2.758 
  2.334   1.459   2.646 
  2.417   1.519   2.680 
  2.377   1.386   2.581 
  2.277   1.503   2.569 
  2.267   1.310   2.787 
  2.535   1.745   1.936 
  2.455   1.760   2.010 
  2.628   1.800   1.963 
  2.487   1.784   1.852 
  2.554   1.598   1.904 
  2.627   1.538   1.987 
  2.444   1.543   1.849 
  2.331   1.612   1.793 
  2.345   1.672   1.702 
  2.251   1.542   1.762 
  2.289   1.680   1.869 
  2.432   1.445   1.846 
  0.954   0.283   1.388 
  1.012   0.281   1.292 
  0.998   0.351   1.460 
  0.970   0.180   1.421 
  0.808   0.321   1.385 
  0.728   0.292   1.477 
  0.750   0.375   1.281 
  0.832   0.442   1.182 
  0.755   0.506   1.135 
  0.906   0.512   1.222 
  0.869   0.373   1.104 
  0.653   0.402   1.299 
  0.550   0.475   2.008 
  0.567   0.521   2.102 
  0.636   0.500   1.950 
  0.458   0.523   1.965 
  0.533   0.329   2.033 
  0.533   0.289   2.150 
  0.525   0.244   1.935 
  0.525   0.263   1.789 
  0.419   0.290   1.759 
  0.596   0.336   1.749 
  0.556   0.166   1.741 
  0.497   0.149   1.967 
  0.131   0.454   1.372 
  0.202   0.476   1.299 
  0.130   0.533   1.440 
  0.158   0.367   1.432 
 -0.003   0.437   1.300 
 -0.100   0.500   1.343 
 -0.006   0.349   1.194 
  0.095   0.298   1.107 
  0.183   0.366   1.089 
  0.145   0.212   1.158 
  0.058   0.248   1.017 
 -0.104   0.337   1.165 
  1.039   0.690   1.504 
  1.076   0.587   1.486 
  1.088   0.742   1.421 
  1.079   0.722   1.597 
  0.886   0.696   1.491 
  0.834   0.721   1.383 
  0.815   0.645   1.594 
  0.670   0.635   1.603 
  0.613   0.590   1.519 
  0.647   0.588   1.701 
  0.632   0.733   1.616 
  0.870   0.622   1.674 
  0.244   1.455   2.668 
  0.190   1.503   2.593 
  0.331   1.414   2.616 
  0.186   1.371   2.713 
  0.286   1.570   2.766 
  0.266   1.685   2.725 
  0.329   1.541   2.885 
  0.369   1.412   2.939 
  0.470   1.417   2.980 
  0.298   1.381   3.007 
  0.358   1.335   2.861 
  0.331   1.619   2.952 
  0.609   1.961   2.838 
  0.613   1.929   2.946 
  0.543   1.901   2.774 
  0.710   1.953   2.805 
  0.536   2.093   2.852 
  0.601   2.195   2.831 
  0.409   2.099   2.903 
  0.325   1.983   2.939 
  0.332   1.953   3.043 
  0.218   2.002   2.930 
  0.349   1.892   2.880 
  0.371   2.186   2.924 
  1.385   2.565   2.370 
  1.394   2.566   2.483 
  1.305   2.498   2.354 
  1.470   2.512   2.323 
  1.357   2.702   2.318 
  1.403   2.726   2.207 
  1.265   2.783   2.369 
  1.175   2.765   2.488 
  1.113   2.669   2.490 
  1.246   2.752   2.576 
  1.110   2.852   2.485 
  1.248   2.867   2.312 
  0.482   0.722   2.921 
  0.418   0.729   3.010 
  0.580   0.738   2.965 
  0.467   0.798   2.838 
  0.480   0.580   2.865 
  0.583   0.525   2.829 
  0.366   0.509   2.870 
  0.243   0.549   2.931 
  0.192   0.625   2.865 
  0.178   0.472   2.939 
  0.246   0.593   3.030 
  0.369   0.410   2.855 
  0.600   1.232   1.485 
  0.524   1.246   1.417 
  0.574   1.261   1.586 
  0.690   1.291   1.468 
  0.635   1.079   1.483 
  0.650   1.022   1.592 
  0.693   1.033   1.374 
  0.709   1.107   1.249 
  0.608   1.139   1.213 
  0.764   1.198   1.257 
  0.760   1.042   1.179 
  0.732   0.940   1.381 
  1.328   1.103   1.633 
  1.429   1.141   1.612 
  1.249   1.154   1.579 
  1.298   1.119   1.741 
  1.300   0.958   1.608 
  1.255   0.878   1.694 
  1.304   0.915   1.487 
  1.355   0.981   1.372 
  1.280   0.979   1.290 
  1.386   1.087   1.384 
  1.444   0.935   1.341 
  1.258   0.826   1.474 
  0.557   2.703   0.623 
  0.482   2.742   0.689 
  0.635   2.776   0.603 
  0.513   2.664   0.526 
  0.614   2.576   0.696 
  0.587   2.547   0.813 
  0.674   2.487   0.619 
  0.729   2.517   0.487 
  0.801   2.433   0.457 
  0.648   2.525   0.416 
  0.793   2.607   0.491 
  0.694   2.396   0.664 
  1.230   2.375   0.255 
  1.283   2.334   0.341 
  1.142   2.316   0.241 
  1.299   2.379   0.170 
  1.186   2.515   0.293 
  1.065   2.532   0.314 
  1.273   2.607   0.327 
  1.413   2.599   0.285 
  1.456   2.699   0.277 
  1.473   2.535   0.351 
  1.424   2.569   0.180 
  1.234   2.687   0.372 
  1.648   2.194   0.065 
  1.577   2.162  -0.003 
  1.711   2.251   0.009 
  1.701   2.105   0.094 
  1.605   2.267   0.196 
  1.674   2.358   0.244 
  1.505   2.212   0.267 
  1.440   2.084   0.239 
  1.358   2.061   0.310 
  1.405   2.092   0.136 
  1.511   1.997   0.238 
  1.483   2.249   0.357 
  0.749   1.788   2.436 
  0.736   1.767   2.327 
  0.818   1.711   2.478 
  0.649   1.779   2.477 
  0.805   1.924   2.467 
  0.920   1.934   2.512 
  0.722   2.028   2.475 
  0.580   2.018   2.465 
  0.542   2.010   2.364 
  0.527   1.953   2.528 
  0.540   2.113   2.504 
  0.758   2.122   2.501 
  0.045   1.003   1.306 
  0.033   1.025   1.197 
  0.046   0.894   1.313 
 -0.037   1.052   1.351 
  0.169   1.068   1.379 
  0.268   1.095   1.311 
  0.158   1.092   1.507 
  0.263   1.160   1.584 
  0.362   1.111   1.572 
  0.268   1.270   1.551 
  0.252   1.153   1.690 
  0.066   1.075   1.549 
  2.454   0.125   2.483 
  2.541   0.190   2.496 
  2.359   0.177   2.473 
  2.439   0.049   2.564 
  2.460   0.074   2.337 
  2.509  -0.035   2.318 
  2.428   0.150   2.233 
  2.399   0.290   2.225 
  2.459   0.337   2.301 
  2.421   0.341   2.131 
  2.294   0.298   2.255 
  2.442   0.096   2.146 
  1.715   2.147   0.663 
  1.792   2.215   0.705 
  1.736   2.055   0.714 
  1.755   2.142   0.558 
  1.570   2.188   0.676 
  1.487   2.110   0.719 
  1.528   2.305   0.634 
  1.615   2.412   0.592 
  1.560   2.500   0.598 
  1.706   2.407   0.652 
  1.640   2.394   0.484 
  1.433   2.320   0.651 
  1.698   0.236   0.086 
  1.643   0.172   0.022 
  1.641   0.247   0.180 
  1.692   0.330   0.045 
  1.841   0.193   0.110 
  1.932   0.277   0.106 
  1.860   0.062   0.132 
  1.764  -0.052   0.133 
  1.752  -0.090   0.032 
  1.811  -0.143   0.183 
  1.668  -0.032   0.169 
  1.959   0.045   0.152 
  2.155   0.803   2.740 
  2.229   0.733   2.694 
  2.142   0.892   2.670 
  2.190   0.831   2.835 
  2.022   0.727   2.744 
  1.942   0.741   2.648 
  2.007   0.627   2.839 
  2.098   0.597   2.953 
  2.203   0.604   2.919 
  2.091   0.686   3.021 
  2.077   0.504   3.006 
  1.925   0.570   2.831 
  1.325   0.210   2.783 
  1.418   0.184   2.833 
  1.320   0.142   2.695 
  1.339   0.308   2.742 
  1.199   0.201   2.868 
  1.099   0.152   2.817 
  1.198   0.247   2.995 
  1.308   0.316   3.060 
  1.382   0.361   2.994 
  1.271   0.387   3.134 
  1.360   0.253   3.133 
  1.105   0.254   3.035 
  2.308   1.277   1.774 
  2.337   1.351   1.691 
  2.252   1.199   1.731 
  2.268   1.327   1.859 
  2.433   1.210   1.828 
  2.468   1.245   1.941 
  2.513   1.141   1.741 
  2.484   1.105   1.604 
  2.415   1.171   1.554 
  2.573   1.097   1.544 
  2.436   1.008   1.607 
  2.602   1.111   1.780 
  0.971   0.083   0.381 
  1.017   0.148   0.462 
  0.964   0.153   0.306 
  0.867   0.062   0.415 
  1.055  -0.037   0.335 
  1.165  -0.058   0.381 
  0.995  -0.131   0.262 
  0.865  -0.098   0.194 
  0.792  -0.107   0.273 
  0.856   0.002   0.161 
  0.836  -0.174   0.118 
  1.027  -0.225   0.272 
  1.911   1.343   1.895 
  1.876   1.316   1.794 
  1.993   1.270   1.910 
  1.824   1.320   1.953 
  1.964   1.487   1.895 
  1.956   1.552   1.792 
  2.018   1.540   2.007 
  2.023   1.481   2.145 
  2.110   1.512   2.195 
  1.925   1.504   2.192 
  2.028   1.374   2.149 
  2.052   1.638   1.999 
  1.732   0.150   2.217 
  1.640   0.190   2.182 
  1.813   0.209   2.177 
  1.748   0.044   2.193 
  1.709   0.175   2.365 
  1.759   0.276   2.413 
  1.652   0.085   2.443 
  1.653  -0.062   2.424 
  1.551  -0.093   2.464 
  1.653  -0.098   2.321 
  1.714  -0.118   2.498 
  1.655   0.110   2.540 
  0.688   0.051   2.321 
  0.654  -0.026   2.397 
  0.635   0.139   2.360 
  0.664   0.018   2.214 
  0.842   0.069   2.346 
  0.892   0.008   2.441 
  0.917   0.125   2.254 
  0.878   0.200   2.143 
  0.968   0.248   2.103 
  0.832   0.136   2.071 
  0.813   0.269   2.189 
  1.016   0.115   2.279 
  1.384   2.763   2.860 
  1.339   2.796   2.954 
  1.483   2.735   2.896 
  1.396   2.834   2.779 
  1.312   2.636   2.814 
  1.383   2.551   2.759 
  1.179   2.637   2.810 
  1.094   2.724   2.884 
  1.016   2.670   2.948 
  1.146   2.796   2.956 
  1.035   2.772   2.808 
  1.132   2.556   2.767 
  1.292   2.634   0.867 
  1.291   2.721   0.933 
  1.202   2.567   0.893 
  1.394   2.582   0.887 
  1.283   2.703   0.728 
  1.381   2.735   0.667 
  1.159   2.735   0.688 
  1.031   2.706   0.745 
  0.983   2.612   0.715 
  1.033   2.729   0.849 
  0.968   2.785   0.715 
  1.154   2.779   0.598 
  1.019   2.543   2.195 
  1.093   2.535   2.270 
  0.975   2.643   2.206 
  0.937   2.474   2.195 
  1.086   2.506   2.061 
  1.107   2.388   2.031 
  1.103   2.596   1.968 
  1.086   2.743   1.986 
  1.144   2.809   1.924 
  0.986   2.776   1.971 
  1.117   2.772   2.081 
  1.132   2.562   1.877 
  2.610   0.861   1.325 
  2.664   0.940   1.375 
  2.533   0.819   1.388 
  2.690   0.785   1.312 
  2.561   0.924   1.194 
  2.647   0.954   1.115 
  2.443   0.980   1.191 
  2.332   0.947   1.273 
  2.236   0.995   1.250 
  2.315   0.842   1.275 
  2.354   0.963   1.377 
  2.423   1.064   1.136 
  1.643   2.022   2.666 
  1.732   1.966   2.693 
  1.667   2.122   2.688 
  1.560   1.998   2.724 
  1.623   2.027   2.512 
  1.704   2.100   2.449 
  1.537   1.950   2.449 
  1.431   1.874   2.513 
  1.405   1.918   2.609 
  1.344   1.892   2.452 
  1.463   1.765   2.523 
  1.552   1.955   2.342 
  2.496   2.374   1.042 
  2.541   2.329   0.955 
  2.464   2.300   1.114 
  2.403   2.434   1.016 
  2.589   2.464   1.121 
  2.613   2.432   1.234 
  2.659   2.557   1.049 
  2.611   2.611   0.924 
  2.662   2.561   0.835 
  2.503   2.607   0.926 
  2.618   2.722   0.926 
  2.739   2.606   1.089 
  0.476   1.630   0.406 
  0.453   1.631   0.512 
  0.528   1.541   0.379 
  0.551   1.711   0.395 
  0.363   1.659   0.307 
  0.390   1.696   0.188 
  0.239   1.652   0.350 
  0.196   1.648   0.491 
  0.185   1.552   0.531 
  0.093   1.694   0.510 
  0.262   1.702   0.565 
  0.167   1.655   0.276 
  0.234   0.218   0.740 
  0.142   0.249   0.688 
  0.210   0.218   0.845 
  0.308   0.289   0.705 
  0.270   0.080   0.692 
  0.358   0.066   0.602 
  0.204  -0.026   0.741 
  0.087  -0.018   0.822 
  0.008   0.052   0.785 
  0.031  -0.113   0.826 
  0.107   0.006   0.923 
  0.246  -0.116   0.710 
  0.269   2.534   2.503 
  0.305   2.433   2.479 
  0.215   2.565   2.412 
  0.361   2.598   2.518 
  0.176   2.532   2.622 
  0.060   2.577   2.614 
  0.221   2.482   2.739 
  0.349   2.412   2.752 
  0.345   2.341   2.837 
  0.375   2.353   2.664 
  0.429   2.485   2.787 
  0.160   2.480   2.821 
  0.298   2.370   0.673 
  0.399   2.338   0.648 
  0.300   2.388   0.782 
  0.237   2.280   0.657 
  0.246   2.490   0.596 
  0.288   2.602   0.626 
  0.158   2.471   0.500 
  0.112   2.343   0.458 
  0.081   2.267   0.523 
  0.033   2.349   0.386 
  0.195   2.301   0.401 
  0.130   2.555   0.442 
  2.453   1.017   0.101 
  2.420   0.959   0.184 
  2.467   0.941   0.027 
  2.550   1.056   0.128 
  2.371   1.129   0.040 
  2.311   1.103  -0.064 
  2.341   1.246   0.109 
  2.380   1.281   0.241 
  2.380   1.195   0.299 
  2.484   1.327   0.233 
  2.320   1.340   0.301 
  2.295   1.323   0.054 
  0.170   2.105   0.968 
  0.231   2.023   1.012 
  0.219   2.196   0.952 
  0.093   2.113   1.037 
  0.100   2.061   0.849 
 -0.023   2.048   0.847 
  0.171   2.028   0.737 
  0.316   2.006   0.739 
  0.343   1.931   0.816 
  0.350   1.962   0.645 
  0.367   2.095   0.749 
  0.111   2.009   0.654 
  0.966   2.228   1.843 
  0.926   2.328   1.871 
  1.056   2.195   1.893 
  0.999   2.225   1.744 
  0.843   2.131   1.856 
  0.804   2.061   1.765 
  0.796   2.107   1.980 
  0.836   2.168   2.107 
  0.912   2.106   2.153 
  0.873   2.266   2.092 
  0.746   2.181   2.169 
  0.723   2.039   1.983 
  1.345   0.448   2.470 
  1.420   0.525   2.448 
  1.334   0.446   2.579 
  1.361   0.345   2.431 
  1.219   0.500   2.401 
  1.232   0.578   2.311 
  1.097   0.447   2.430 
  1.089   0.327   2.519 
  1.151   0.246   2.474 
  1.122   0.345   2.621 
  0.981   0.299   2.517 
  1.012   0.468   2.370 
  2.650   1.276   2.792 
  2.602   1.214   2.865 
  2.596   1.253   2.703 
  2.757   1.241   2.798 
  2.649   1.421   2.832 
  2.568   1.457   2.918 
  2.683   1.506   2.734 
  2.743   1.473   2.607 
  2.785   1.566   2.561 
  2.826   1.408   2.629 
  2.676   1.425   2.536 
  2.623   1.593   2.735 
  0.786   1.393   2.035 
  0.842   1.298   2.036 
  0.681   1.365   2.026 
  0.824   1.459   1.952 
  0.807   1.463   2.166 
  0.864   1.569   2.163 
  0.748   1.421   2.284 
  0.681   1.294   2.305 
  0.757   1.216   2.311 
  0.624   1.295   2.398 
  0.610   1.273   2.223 
  0.748   1.493   2.358 
  2.318   2.291   1.433 
  2.343   2.376   1.496 
  2.331   2.207   1.498 
  2.388   2.280   1.347 
  2.169   2.296   1.393 
  2.099   2.193   1.414 
  2.136   2.363   1.287 
  2.203   2.488   1.252 
  2.269   2.476   1.170 
  2.123   2.565   1.232 
  2.264   2.534   1.332 
  2.039   2.346   1.246 
  1.457   0.878   2.363 
  1.479   0.890   2.252 
  1.539   0.820   2.414 
  1.369   0.809   2.389 
  1.467   1.020   2.427 
  1.543   1.044   2.517 
  1.381   1.113   2.380 
  1.278   1.095   2.282 
  1.217   1.005   2.305 
  1.225   1.186   2.279 
  1.314   1.066   2.186 
  1.389   1.204   2.427 
  2.083   0.693   2.302 
  1.987   0.702   2.360 
  2.109   0.791   2.274 
  2.066   0.644   2.208 
  2.203   0.631   2.374 
  2.311   0.695   2.368 
  2.190   0.531   2.464 
  2.082   0.436   2.478 
  2.122   0.343   2.527 
  2.003   0.483   2.536 
  2.046   0.397   2.387 
  2.263   0.518   2.531 
  2.067   1.541   0.330 
  2.137   1.469   0.286 
  2.026   1.595   0.249 
  2.120   1.608   0.397 
  1.955   1.484   0.420 
  1.915   1.557   0.512 
  1.885   1.376   0.384 
  1.913   1.283   0.278 
  1.822   1.253   0.230 
  1.987   1.315   0.195 
  1.962   1.197   0.322 
  1.812   1.342   0.446 
  1.025   0.549   0.176 
  1.112   0.544   0.109 
  1.037   0.649   0.228 
  1.044   0.469   0.243 
  0.894   0.537   0.105 
  0.795   0.520   0.176 
  0.880   0.560  -0.028 
  0.984   0.579  -0.121 
  0.940   0.565  -0.223 
  1.032   0.681  -0.111 
  1.056   0.510  -0.108 
  0.794   0.557  -0.067 
  0.146   2.182   1.559 
  0.190   2.089   1.587 
  0.134   2.249   1.648 
  0.045   2.151   1.526 
  0.219   2.240   1.440 
  0.169   2.221   1.327 
  0.325   2.313   1.460 
  0.386   2.346   1.588 
  0.392   2.453   1.593 
  0.327   2.312   1.675 
  0.484   2.296   1.593 
  0.375   2.352   1.379 
  2.510   2.502   2.722 
  2.483   2.610   2.728 
  2.487   2.452   2.815 
  2.613   2.501   2.704 
  2.443   2.428   2.614 
  2.505   2.339   2.558 
  2.315   2.460   2.584 
  2.223   2.545   2.658 
  2.125   2.564   2.613 
  2.220   2.512   2.764 
  2.278   2.635   2.653 
  2.281   2.413   2.503 
  0.303   0.344   0.370 
  0.289   0.273   0.288 
  0.288   0.279   0.458 
  0.222   0.417   0.372 
  0.431   0.419   0.369 
  0.464   0.482   0.475 
  0.529   0.381   0.288 
  0.525   0.303   0.166 
  0.619   0.323   0.122 
  0.529   0.192   0.196 
  0.440   0.316   0.102 
  0.616   0.431   0.298 
  2.926   1.742   1.942 
  2.821   1.756   1.934 
  2.952   1.646   1.988 
  2.945   1.827   2.003 
  2.976   1.744   1.800 
  3.053   1.652   1.764 
  2.962   1.853   1.726 
  2.920   1.976   1.780 
  2.877   2.036   1.699 
  2.837   1.977   1.853 
  2.994   2.041   1.814 
  2.982   1.848   1.626 
  0.424   2.713   2.103 
  0.512   2.677   2.151 
  0.371   2.770   2.180 
  0.375   2.621   2.066 
  0.451   2.816   1.988 
  0.421   2.933   1.995 
  0.555   2.776   1.912 
  0.630   2.654   1.912 
  0.568   2.569   1.889 
  0.704   2.672   1.840 
  0.674   2.628   2.009 
  0.595   2.857   1.851 
  2.100   0.608   1.897 
  2.119   0.672   1.981 
  2.194   0.600   1.838 
  2.021   0.648   1.832 
  2.064   0.465   1.949 
  2.012   0.455   2.058 
  2.084   0.359   1.876 
  2.128   0.366   1.739 
  2.063   0.437   1.680 
  2.231   0.408   1.739 
  2.132   0.266   1.691 
  2.057   0.268   1.925 
  1.590   2.217   2.058 
  1.649   2.295   2.027 
  1.614   2.183   2.158 
  1.616   2.137   1.989 
  1.438   2.253   2.064 
  1.399   2.305   2.166 
  1.360   2.242   1.956 
  1.397   2.193   1.821 
  1.329   2.206   1.743 
  1.479   2.250   1.783 
  1.437   2.095   1.840 
  1.261   2.275   1.961 
  0.713   0.564   2.552 
  0.803   0.630   2.559 
  0.632   0.634   2.580 
  0.728   0.485   2.632 
  0.713   0.496   2.416 
  0.810   0.497   2.343 
  0.605   0.425   2.391 
  0.488   0.414   2.476 
  0.399   0.388   2.412 
  0.504   0.345   2.562 
  0.452   0.510   2.521 
  0.598   0.364   2.305 
  1.454   1.435   1.948 
  1.555   1.394   1.921 
  1.416   1.489   1.860 
  1.477   1.498   2.029 
  1.363   1.318   1.983 
  1.408   1.206   1.983 
  1.233   1.343   2.009 
  1.165   1.474   1.992 
  1.180   1.517   1.890 
  1.060   1.457   1.988 
  1.194   1.551   2.063 
  1.180   1.257   2.038 
  2.005   1.725   0.926 
  1.944   1.755   0.849 
  2.072   1.807   0.961 
  2.062   1.635   0.898 
  1.923   1.678   1.045 
  1.802   1.671   1.025 
  1.980   1.642   1.165 
  2.115   1.648   1.205 
  2.113   1.725   1.284 
  2.141   1.550   1.246 
  2.183   1.694   1.131 
  1.911   1.627   1.245 
  1.073   2.262   2.478 
  0.977   2.303   2.436 
  1.138   2.250   2.393 
  1.054   2.154   2.501 
  1.123   2.350   2.591 
  1.068   2.450   2.635 
  1.243   2.312   2.646 
  1.336   2.222   2.581 
  1.398   2.269   2.505 
  1.400   2.179   2.661 
  1.288   2.138   2.533 
  1.279   2.370   2.724 
  1.835   0.082   1.871 
  1.723   0.087   1.859 
  1.867   0.013   1.950 
  1.874   0.182   1.896 
  1.890   0.058   1.733 
  1.924  -0.055   1.703 
  1.867   0.159   1.649 
  1.783   0.280   1.670 
  1.743   0.295   1.571 
  1.689   0.270   1.728 
  1.851   0.363   1.703 
  1.873   0.135   1.554 
  0.161   0.135   0.061 
  0.131   0.231   0.101 
  0.069   0.076   0.042 
  0.238   0.088   0.133 
  0.233   0.143  -0.069 
  0.251   0.255  -0.113 
  0.248   0.030  -0.142 
  0.210  -0.109  -0.114 
  0.247  -0.178  -0.189 
  0.259  -0.134  -0.026 
  0.101  -0.112  -0.093 
  0.254   0.038  -0.246 
  0.022   2.089   2.307 
  0.120   2.055   2.278 
  0.037   2.181   2.372 
 -0.021   2.008   2.362 
 -0.066   2.113   2.180 
 -0.169   2.045   2.156 
 -0.035   2.211   2.099 
  0.077   2.293   2.112 
  0.167   2.235   2.134 
  0.086   2.355   2.022 
  0.061   2.354   2.206 
 -0.097   2.244   2.027 
  2.163   2.102   2.794 
  2.189   1.999   2.773 
  2.235   2.162   2.748 
  2.171   2.123   2.900 
  2.018   2.124   2.742 
  1.931   2.122   2.824 
  1.996   2.165   2.617 
  2.096   2.189   2.511 
  2.128   2.292   2.506 
  2.187   2.137   2.531 
  2.050   2.151   2.423 
  1.901   2.151   2.584 
  1.366   2.758   1.352 
  1.413   2.788   1.258 
  1.433   2.689   1.398 
  1.261   2.707   1.341 
  1.356   2.896   1.414 
  1.278   2.990   1.382 
  1.429   2.918   1.527 
  1.527   2.839   1.601 
  1.598   2.805   1.528 
  1.568   2.896   1.682 
  1.490   2.747   1.650 
  1.415   3.008   1.570 
  0.663   2.043   0.899 
  0.561   2.014   0.941 
  0.684   1.998   0.796 
  0.748   2.022   0.972 
  0.652   2.193   0.855 
  0.671   2.231   0.742 
  0.627   2.281   0.951 
  0.595   2.253   1.089 
  0.622   2.331   1.160 
  0.487   2.245   1.107 
  0.644   2.161   1.125 
  0.634   2.381   0.926 
  0.654   0.224   0.594 
  0.606   0.143   0.537 
  0.586   0.311   0.590 
  0.741   0.252   0.535 
  0.679   0.186   0.736 
  0.677   0.067   0.761 
  0.690   0.282   0.831 
  0.694   0.424   0.803 
  0.603   0.460   0.747 
  0.709   0.488   0.896 
  0.772   0.443   0.731 
  0.708   0.251   0.928 
  2.621   0.861   0.418 
  2.660   0.861   0.313 
  2.702   0.825   0.479 
  2.544   0.784   0.422 
  2.568   0.991   0.459 
  2.447   1.018   0.457 
  2.645   1.081   0.523 
  2.787   1.073   0.544 
  2.831   1.176   0.551 
  2.805   1.023   0.642 
  2.834   1.015   0.461 
  2.596   1.167   0.537 
  0.276   1.023   2.766 
  0.249   1.109   2.698 
  0.378   0.988   2.745 
  0.202   0.946   2.733 
  0.255   1.063   2.910 
  0.145   1.072   2.962 
  0.359   1.107   2.980 
  0.505   1.108   2.947 
  0.533   1.008   2.916 
  0.527   1.173   2.859 
  0.566   1.142   3.029 
  0.329   1.131   3.075 
  1.049   0.858   1.168 
  0.959   0.787   1.154 
  1.137   0.789   1.172 
  1.046   0.924   1.260 
  1.085   0.951   1.049 
  1.090   1.075   1.065 
  1.102   0.889   0.927 
  1.113   0.744   0.895 
  1.050   0.668   0.956 
  1.069   0.731   0.793 
  1.214   0.714   0.893 
  1.125   0.949   0.846 
  2.119   1.431   1.493 
  2.210   1.485   1.486 
  2.035   1.487   1.465 
  2.115   1.398   1.598 
  2.131   1.302   1.411 
  2.244   1.268   1.370 
  2.019   1.227   1.390 
  1.886   1.251   1.459 
  1.809   1.224   1.387 
  1.878   1.188   1.549 
  1.874   1.355   1.485 
  2.030   1.138   1.343 
  0.998   0.626   2.059 
  1.056   0.659   2.150 
  0.905   0.679   2.042 
  0.972   0.519   2.079 
  1.070   0.642   1.928 
  1.039   0.576   1.826 
  1.166   0.737   1.927 
  1.207   0.824   2.040 
  1.274   0.766   2.109 
  1.263   0.903   2.004 
  1.122   0.856   2.107 
  1.210   0.747   1.839 
  1.946   0.703   1.083 
  1.940   0.767   1.177 
  2.052   0.707   1.057 
  1.880   0.751   1.018 
  1.904   0.558   1.097 
  1.888   0.513   1.214 
  1.896   0.479   0.988 
  1.936   0.499   0.855 
  1.997   0.412   0.815 
  1.848   0.495   0.799 
  1.982   0.596   0.838 
  1.887   0.380   1.004 
  2.101   2.403   1.727 
  2.207   2.398   1.741 
  2.045   2.328   1.795 
  2.070   2.389   1.628 
  2.058   2.542   1.771 
  2.010   2.563   1.881 
  2.095   2.651   1.697 
  2.193   2.640   1.588 
  2.224   2.742   1.549 
  2.281   2.583   1.622 
  2.148   2.590   1.500 
  2.043   2.745   1.694 
  2.760   2.746   0.329 
  2.715   2.828   0.278 
  2.742   2.661   0.264 
  2.698   2.745   0.419 
  2.912   2.768   0.354 
  2.987   2.672   0.329 
  2.963   2.876   0.400 
  2.889   3.004   0.422 
  2.924   3.052   0.513 
  2.900   3.081   0.348 
  2.786   2.987   0.441 
  3.064   2.878   0.427 
  2.236   0.302   1.165 
  2.237   0.415   1.178 
  2.332   0.275   1.206 
  2.218   0.271   1.060 
  2.120   0.245   1.248 
  2.095   0.299   1.359 
  2.068   0.125   1.211 
  2.097   0.040   1.095 
  2.084  -0.071   1.122 
  2.024   0.064   1.021 
  2.205   0.058   1.068 
  2.006   0.095   1.284 
  0.445   0.724   1.217 
  0.531   0.776   1.169 
  0.360   0.778   1.185 
  0.441   0.728   1.327 
  0.459   0.575   1.186 
  0.477   0.497   1.275 
  0.454   0.536   1.055 
  0.405   0.616   0.944 
  0.452   0.588   0.851 
  0.296   0.605   0.934 
  0.417   0.722   0.966 
  0.472   0.436   1.032 
  1.852   0.991   1.802 
  1.909   1.021   1.888 
  1.829   0.882   1.814 
  1.913   1.009   1.711 
  1.713   1.064   1.802 
  1.688   1.149   1.717 
  1.635   1.053   1.917 
  1.646   0.950   2.018 
  1.727   0.966   2.091 
  1.550   0.953   2.071 
  1.681   0.856   1.979 
  1.547   1.112   1.919 
  1.486   1.686   0.401 
  1.549   1.626   0.335 
  1.427   1.757   0.335 
  1.556   1.741   0.460 
  1.381   1.612   0.481 
  1.358   1.494   0.460 
  1.334   1.667   0.596 
  1.362   1.797   0.647 
  1.310   1.812   0.743 
  1.466   1.812   0.669 
  1.314   1.869   0.580 
  1.284   1.600   0.657 
  1.713   0.257   0.678 
  1.661   0.296   0.768 
  1.734   0.153   0.704 
  1.801   0.308   0.668 
  1.625   0.252   0.556 
  1.664   0.269   0.441 
  1.508   0.196   0.583 
  1.399   0.171   0.484 
  1.355   0.268   0.480 
  1.439   0.131   0.388 
  1.331   0.095   0.521 
  1.486   0.178   0.681 
  2.808   2.295   2.905 
  2.735   2.375   2.930 
  2.826   2.308   2.799 
  2.778   2.195   2.918 
  2.933   2.309   2.984 
  3.001   2.210   3.012 
  2.991   2.431   2.986 
  2.924   2.553   2.963 
  2.850   2.570   3.036 
  2.995   2.628   2.946 
  2.862   2.560   2.874 
  3.074   2.437   3.051 
  2.491   1.677   0.196 
  2.425   1.704   0.113 
  2.589   1.660   0.161 
  2.452   1.591   0.251 
  2.499   1.783   0.300 
  2.609   1.805   0.353 
  2.398   1.875   0.307 
  2.275   1.899   0.229 
  2.222   1.984   0.280 
  2.308   1.921   0.127 
  2.209   1.817   0.206 
  2.403   1.943   0.387 
  0.526   0.051   1.122 
  0.523   0.034   1.014 
  0.628   0.054   1.171 
  0.445  -0.004   1.167 
  0.480   0.187   1.142 
  0.516   0.267   1.049 
  0.450   0.233   1.264 
  0.441   0.154   1.380 
  0.400   0.218   1.460 
  0.372   0.073   1.374 
  0.543   0.121   1.412 
  0.427   0.333   1.282 
  2.705   2.804   2.699 
  2.752   2.707   2.720 
  2.608   2.805   2.650 
  2.762   2.865   2.629 
  2.694   2.882   2.833 
  2.654   2.822   2.930 
  2.724   3.015   2.843 
  2.726   3.080   2.973 
  2.817   3.149   2.974 
  2.638   3.148   2.983 
  2.712   3.025   3.064 
  2.754   3.063   2.757 
  1.485   2.557   1.930 
  1.438   2.471   1.880 
  1.475   2.544   2.035 
  1.428   2.644   1.894 
  1.629   2.577   1.881 
  1.659   2.525   1.771 
  1.727   2.628   1.959 
  1.717   2.674   2.092 
  1.802   2.725   2.136 
  1.637   2.748   2.087 
  1.688   2.595   2.158 
  1.820   2.615   1.923 
  0.893   1.694   0.924 
  0.800   1.745   0.940 
  0.886   1.601   0.976 
  0.978   1.758   0.950 
  0.924   1.669   0.779 
  1.037   1.688   0.736 
  0.846   1.599   0.697 
  0.701   1.579   0.712 
  0.673   1.481   0.667 
  0.681   1.573   0.819 
  0.628   1.662   0.686 
  0.881   1.555   0.613 
  1.302   1.424   1.432 
  1.359   1.340   1.470 
  1.301   1.432   1.323 
  1.349   1.511   1.467 
  1.172   1.411   1.505 
  1.136   1.488   1.595 
  1.069   1.347   1.443 
  1.073   1.245   1.334 
  1.061   1.151   1.382 
  0.995   1.265   1.269 
  1.166   1.236   1.271 
  0.984   1.338   1.494 
  2.073   0.022   2.415 
  2.099  -0.012   2.314 
  2.004   0.110   2.402 
  2.162   0.055   2.454 
  1.999  -0.092   2.487 
  1.979  -0.197   2.427 
  1.955  -0.069   2.607 
  1.951   0.067   2.672 
  2.027   0.089   2.745 
  1.941   0.156   2.609 
  1.858   0.065   2.722 
  1.902  -0.148   2.646 
  0.485   0.876   0.321 
  0.487   0.911   0.219 
  0.561   0.921   0.378 
  0.509   0.774   0.306 
  0.352   0.883   0.387 
  0.253   0.916   0.321 
  0.346   0.889   0.520 
  0.465   0.863   0.600 
  0.537   0.791   0.569 
  0.514   0.959   0.619 
  0.445   0.825   0.696 
  0.256   0.877   0.558 
  1.261   0.073   1.006 
  1.345   0.007   0.983 
  1.277   0.114   1.106 
  1.172   0.013   1.001 
  1.259   0.184   0.909 
  1.354   0.215   0.838 
  1.143   0.245   0.886 
  1.115   0.337   0.776 
  1.101   0.434   0.809 
  1.197   0.341   0.706 
  1.030   0.290   0.727 
  1.062   0.204   0.935 
  1.676   1.170   0.737 
  1.663   1.075   0.691 
  1.668   1.160   0.847 
  1.585   1.218   0.699 
  1.794   1.255   0.682 
  1.884   1.198   0.620 
  1.777   1.390   0.676 
  1.668   1.463   0.746 
  1.585   1.464   0.673 
  1.632   1.414   0.834 
  1.693   1.558   0.791 
  1.854   1.447   0.641 
  0.941   0.929   2.363 
  0.859   0.874   2.311 
  0.949   1.032   2.336 
  1.032   0.881   2.329 
  0.921   0.900   2.512 
  1.019   0.919   2.581 
  0.798   0.905   2.561 
  0.684   0.957   2.483 
  0.714   1.019   2.396 
  0.623   0.871   2.459 
  0.609   1.001   2.548 
  0.777   0.908   2.656 
  2.670   0.392   0.935 
  2.576   0.436   0.911 
  2.732   0.468   0.989 
  2.716   0.376   0.837 
  2.645   0.254   1.003 
  2.694   0.230   1.117 
  2.573   0.164   0.940 
  2.507   0.172   0.812 
  2.441   0.256   0.822 
  2.576   0.193   0.737 
  2.453   0.082   0.804 
  2.564   0.072   0.984 
  0.732   1.537   1.280 
  0.789   1.495   1.197 
  0.782   1.497   1.365 
  0.630   1.489   1.289 
  0.739   1.688   1.282 
  0.635   1.753   1.286 
  0.861   1.740   1.310 
  0.988   1.669   1.313 
  1.013   1.635   1.212 
  1.066   1.737   1.351 
  0.979   1.588   1.378 
  0.860   1.838   1.331 
  1.271   1.788   1.135 
  1.190   1.823   1.071 
  1.220   1.713   1.205 
  1.314   1.869   1.200 
  1.363   1.718   1.040 
  1.324   1.610   0.990 
  1.457   1.783   0.975 
  1.465   1.930   0.977 
  1.472   1.966   1.081 
  1.549   1.976   0.924 
  1.370   1.971   0.934 
  1.500   1.727   0.904 
  1.571   1.764   2.905 
  1.497   1.805   2.832 
  1.541   1.803   3.001 
  1.671   1.793   2.884 
  1.558   1.611   2.897 
  1.452   1.562   2.853 
  1.656   1.533   2.943 
  1.771   1.577   3.019 
  1.863   1.597   2.973 
  1.749   1.662   3.086 
  1.794   1.497   3.091 
  1.632   1.434   2.941 
  2.362   0.692   0.913 
  2.456   0.725   0.951 
  2.285   0.729   0.982 
  2.371   0.584   0.917 
  2.341   0.745   0.779 
  2.290   0.665   0.698 
  2.362   0.877   0.749 
  2.430   0.975   0.833 
  2.494   0.924   0.904 
  2.482   1.045   0.764 
  2.358   1.025   0.893 
  2.327   0.916   0.661 
  1.236   0.490   1.141 
  1.235   0.510   1.036 
  1.231   0.389   1.160 
  1.141   0.528   1.179 
  1.356   0.550   1.217 
  1.332   0.622   1.313 
  1.479   0.539   1.164 
  1.510   0.470   1.039 
  1.453   0.376   1.017 
  1.491   0.520   0.952 
  1.617   0.448   1.027 
  1.538   0.610   1.208 
  0.860   0.954   0.145 
  0.765   0.978   0.180 
  0.896   0.876   0.213 
  0.924   1.034   0.167 
  0.876   0.936  -0.005 
  0.780   0.943  -0.079 
  1.003   0.938  -0.058 
  1.126   0.954   0.017 
  1.125   1.028   0.098 
  1.141   0.856   0.072 
  1.207   0.960  -0.054 
  1.007   0.940  -0.165 
