 1.42514e+00  8.77830e-01  5.91830e-01
 1.48399e+00  9.58893e-01  5.49377e-01
 1.32676e+00  8.77924e-01  5.41565e-01
 1.41554e+00  9.03842e-01  6.96589e-01
 1.49914e+00  7.44523e-01  5.82278e-01
 1.59167e+00  7.22629e-01  6.66402e-01
 1.48677e+00  6.70939e-01  4.80340e-01
 1.36994e+00  6.64930e-01  3.92358e-01
 1.36622e+00  7.30684e-01  2.98066e-01
 1.38274e+00  5.67093e-01  3.45984e-01
 1.27456e+00  6.86007e-01  4.44383e-01
 1.53923e+00  5.90337e-01  4.82529e-01
 1.95147e-01  1.21456e+00  3.98739e-01
 1.29263e-01  1.29946e+00  4.04837e-01
 1.85672e-01  1.16444e+00  2.99129e-01
 1.59133e-01  1.14092e+00  4.66212e-01
 3.45881e-01  1.24042e+00  4.16731e-01
 4.07917e-01  1.27506e+00  3.15486e-01
 3.91228e-01  1.24725e+00  5.40229e-01
 3.42102e-01  1.19226e+00  6.66050e-01
 4.23933e-01  1.16459e+00  7.32061e-01
 2.79879e-01  1.26541e+00  7.14342e-01
 2.90036e-01  1.10610e+00  6.39631e-01
 4.90671e-01  1.27403e+00  5.44268e-01
 1.60722e+00  1.54892e+00  1.33594e+00
 1.59251e+00  1.43451e+00  1.34575e+00
 1.51788e+00  1.60453e+00  1.37943e+00
 1.63108e+00  1.57711e+00  1.23123e+00
 1.72317e+00  1.57079e+00  1.43681e+00
 1.83340e+00  1.59517e+00  1.39380e+00
 1.70451e+00  1.55735e+00  1.56792e+00
 1.58387e+00  1.50708e+00  1.63051e+00
 1.61397e+00  1.45747e+00  1.71404e+00
 1.49945e+00  1.57480e+00  1.66864e+00
 1.53863e+00  1.42802e+00  1.56606e+00
 1.77166e+00  1.59523e+00  1.63307e+00
 5.63223e-01  1.72644e+00  1.99192e+00
 6.31978e-01  1.80555e+00  1.99530e+00
 5.26344e-01  1.70926e+00  2.09167e+00
 6.14746e-01  1.64399e+00  1.96302e+00
 4.44525e-01  1.74095e+00  1.90134e+00
 3.99910e-01  1.84570e+00  1.86700e+00
 3.79399e-01  1.63340e+00  1.86333e+00
 4.17497e-01  1.49680e+00  1.90252e+00
 4.81390e-01  1.47446e+00  1.99019e+00
 3.26926e-01  1.44406e+00  1.93855e+00
 4.66701e-01  1.43083e+00  1.82994e+00
 2.90808e-01  1.64628e+00  1.81309e+00
 4.12149e-01  1.53505e+00  9.68931e-01
 3.65639e-01  1.53364e+00  8.68059e-01
 3.54465e-01  1.60094e+00  1.03975e+00
 5.15787e-01  1.57853e+00  9.79282e-01
 4.04853e-01  1.39113e+00  1.02490e+00
 5.07609e-01  1.32783e+00  1.03402e+00
 2.99780e-01  1.36250e+00  1.09543e+00
 1.69091e-01  1.42086e+00  1.11699e+00
 9.95919e-02  1.35892e+00  1.06939e+00
 1.54348e-01  1.43165e+00  1.22338e+00
 1.65795e-01  1.51490e+00  1.06978e+00
 3.06527e-01  1.26558e+00  1.13226e+00
 2.29999e+00  2.89452e+00  2.84794e+00
 2.23675e+00  2.82775e+00  2.78370e+00
 2.37443e+00  2.46982e-02  2.78681e+00
 2.35426e+00  2.81447e+00  2.89843e+00
 2.21891e+00  4.71015e-02  2.53779e-02
 2.13363e+00  2.28935e-04  9.94238e-02
 2.24091e+00  1.76255e-01  4.15329e-02
 2.32516e+00  2.65515e-01  2.90332e+00
 2.42206e+00  2.22480e-01  2.91206e+00
 2.30968e+00  2.69635e-01  2.79482e+00
 2.32199e+00  3.69555e-01  8.76397e-03
 2.18604e+00  2.23355e-01  1.07551e-01
 2.34773e+00  5.48975e-01  1.42353e+00
 2.32173e+00  6.03221e-01  1.33193e+00
 2.45476e+00  5.55836e-01  1.43417e+00
 2.32605e+00  4.42056e-01  1.42364e+00
 2.29243e+00  6.18449e-01  1.54357e+00
 2.37317e+00  6.44457e-01  1.63797e+00
 2.16904e+00  6.64656e-01  1.53289e+00
 2.06815e+00  6.41165e-01  1.42866e+00
 2.09377e+00  6.20710e-01  1.32350e+00
 2.01025e+00  5.63035e-01  1.47061e+00
 2.00225e+00  7.27454e-01  1.43552e+00
 2.14616e+00  7.32481e-01  1.60400e+00
 1.78835e+00  1.92641e+00  2.12373e+00
 1.80252e+00  1.91677e+00  2.23214e+00
 1.87545e+00  1.86580e+00  2.08294e+00
 1.80259e+00  2.02583e+00  2.09564e+00
 1.64665e+00  1.88181e+00  2.09845e+00
 1.55905e+00  1.90208e+00  2.18369e+00
 1.61017e+00  1.80061e+00  2.00162e+00
 1.70545e+00  1.75397e+00  1.89954e+00
 1.65153e+00  1.67607e+00  1.84448e+00
 1.73383e+00  1.84014e+00  1.83703e+00
 1.79608e+00  1.71576e+00  1.94316e+00
 1.51911e+00  1.75297e+00  2.01392e+00
 2.80520e+00  3.28626e-01  2.40663e+00
 2.82327e+00  2.49150e-01  2.33275e+00
 2.70192e+00  3.28567e-01  2.40108e+00
 2.83407e+00  4.27234e-01  2.36143e+00
 2.87088e+00  2.95491e-01  2.54102e+00
 2.80829e+00  2.13663e-01  2.61243e+00
 6.18426e-02  3.39315e-01  2.58121e+00
 1.40330e-01  4.27550e-01  2.50172e+00
 2.19844e-01  4.60439e-01  2.56224e+00
 1.65480e-01  3.93663e-01  2.40281e+00
 9.55532e-02  5.20322e-01  2.47541e+00
 1.01302e-01  3.09862e-01  2.67074e+00
 9.20539e-01  1.23941e+00  4.45771e-01
 9.50139e-01  1.17173e+00  5.20856e-01
 9.57206e-01  1.19688e+00  3.56872e-01
 9.59215e-01  1.34019e+00  4.74480e-01
 7.63832e-01  1.25281e+00  4.45749e-01
 6.98831e-01  1.20840e+00  5.38476e-01
 7.00237e-01  1.30587e+00  3.43957e-01
 7.53083e-01  1.37902e+00  2.33313e-01
 8.28835e-01  1.44733e+00  2.62790e-01
 8.07587e-01  1.31415e+00  1.75339e-01
 6.72420e-01  1.41981e+00  1.64653e-01
 5.98843e-01  1.30173e+00  3.58077e-01
 1.99586e+00  2.24124e+00  2.08061e+00
 1.95402e+00  2.21666e+00  2.17663e+00
 1.91457e+00  2.29750e+00  2.02647e+00
 2.01803e+00  2.15299e+00  2.02348e+00
 2.13215e+00  2.31196e+00  2.09189e+00
 2.23034e+00  2.26372e+00  2.03409e+00
 2.14586e+00  2.41951e+00  2.17079e+00
 2.04083e+00  2.47761e+00  2.24777e+00
 1.93942e+00  2.44945e+00  2.21233e+00
 2.04909e+00  2.45836e+00  2.35647e+00
 2.04869e+00  2.58337e+00  2.23488e+00
 2.24184e+00  2.46515e+00  2.17154e+00
 2.79312e+00  7.62934e-01  8.19983e-01
 2.75954e+00  6.59001e-01  8.16755e-01
 2.74291e+00  8.09427e-01  9.02802e-01
 2.73950e+00  8.03483e-01  7.29729e-01
 1.75664e-02  7.87061e-01  8.29484e-01
 7.70860e-02  8.31554e-01  7.32024e-01
 8.34672e-02  7.40588e-01  9.29429e-01
 3.80196e-02  6.99755e-01  1.05778e+00
 4.13048e-02  5.90608e-01  1.06291e+00
 1.01561e-01  7.51556e-01  1.12671e+00
 2.86769e+00  7.32502e-01  1.08019e+00
 1.82040e-01  7.64041e-01  9.20121e-01
 2.22574e-01  1.85513e+00  1.25448e+00
 3.00955e-01  1.92700e+00  1.25671e+00
 2.44365e-01  1.76706e+00  1.19267e+00
 1.33040e-01  1.91054e+00  1.21869e+00
 1.88016e-01  1.82194e+00  1.40191e+00
 8.81457e-02  1.87399e+00  1.45172e+00
 2.62611e-01  1.73550e+00  1.47090e+00
 3.61782e-01  1.64045e+00  1.43021e+00
 4.62724e-01  1.67711e+00  1.45476e+00
 3.55940e-01  1.54732e+00  1.48104e+00
 3.64829e-01  1.60838e+00  1.32169e+00
 2.28216e-01  1.71129e+00  1.56009e+00
 1.28191e+00  3.62950e-01  1.56476e+00
 1.24858e+00  2.65596e-01  1.52369e+00
 1.19219e+00  4.18852e-01  1.59044e+00
 1.32814e+00  4.12348e-01  1.48158e+00
 1.37735e+00  3.67611e-01  1.67969e+00
 1.40244e+00  2.59047e-01  1.72881e+00
 1.43968e+00  4.82878e-01  1.71172e+00
 1.40642e+00  6.16820e-01  1.66807e+00
 1.42615e+00  6.39082e-01  1.56440e+00
 1.30634e+00  6.35085e-01  1.68452e+00
 1.46282e+00  6.91151e-01  1.73077e+00
 1.49116e+00  4.73356e-01  1.79869e+00
 1.43977e+00  1.26543e+00  1.06872e+00
 1.46790e+00  1.36824e+00  1.09594e+00
 1.45170e+00  1.25755e+00  9.63707e-01
 1.33037e+00  1.26089e+00  1.09025e+00
 1.52932e+00  1.16389e+00  1.14165e+00
 1.59302e+00  1.20449e+00  1.23809e+00
 1.53922e+00  1.03882e+00  1.09842e+00
 1.47979e+00  9.84727e-01  9.74947e-01
 1.45544e+00  8.83598e-01  9.80928e-01
 1.39005e+00  1.03888e+00  9.32167e-01
 1.55746e+00  9.76374e-01  8.95149e-01
 1.59838e+00  9.68195e-01  1.14192e+00
 2.76872e+00  1.51746e+00  2.94840e-01
 2.77918e+00  1.45916e+00  3.83765e-01
 2.76523e+00  1.62092e+00  3.23967e-01
 2.67816e+00  1.48668e+00  2.41796e-01
 2.88660e+00  1.48443e+00  2.04121e-01
 4.79377e-02  1.56346e+00  1.87191e-01
 2.90548e+00  1.36242e+00  1.55997e-01
 2.81910e+00  1.25310e+00  1.87093e-01
 2.86619e+00  1.17858e+00  1.25748e-01
 2.82201e+00  1.22091e+00  2.86510e-01
 2.71370e+00  1.27118e+00  1.64274e-01
 6.40759e-02  1.34666e+00  1.14762e-01
 2.33476e+00  1.39325e-02  1.85527e+00
 2.24465e+00  2.90409e+00  1.80322e+00
 2.31477e+00  1.21228e-01  1.89558e+00
 2.42250e+00  2.15322e-02  1.79111e+00
 2.38418e+00  2.83819e+00  1.95849e+00
 2.50528e+00  2.83309e+00  1.97955e+00
 2.30562e+00  2.76711e+00  2.04625e+00
 2.15818e+00  2.79334e+00  2.05450e+00
 2.10727e+00  2.80972e+00  1.95569e+00
 2.10440e+00  2.70553e+00  2.08462e+00
 2.14189e+00  2.87683e+00  2.12378e+00
 2.34370e+00  2.70229e+00  2.11784e+00
 2.21908e+00  1.00999e+00  1.98567e+00
 2.16696e+00  9.59140e-01  2.06434e+00
 2.31600e+00  1.04513e+00  2.03142e+00
 2.17205e+00  1.10052e+00  1.95507e+00
 2.25439e+00  9.19165e-01  1.85864e+00
 2.19955e+00  9.41995e-01  1.75208e+00
 2.35305e+00  8.23661e-01  1.86215e+00
 2.42377e+00  7.82259e-01  1.98369e+00
 2.49510e+00  6.96339e-01  1.95639e+00
 2.47707e+00  8.69020e-01  2.02543e+00
 2.35864e+00  7.52366e-01  2.05917e+00
 2.36861e+00  7.71460e-01  1.77439e+00
 2.48380e+00  1.05153e+00  2.26368e+00
 2.56671e+00  1.03631e+00  2.19971e+00
 2.43544e+00  9.52751e-01  2.27745e+00
 2.40192e+00  1.10922e+00  2.22656e+00
 2.51775e+00  1.08091e+00  2.40705e+00
 2.63185e+00  1.12397e+00  2.44355e+00
 2.42155e+00  1.07324e+00  2.50710e+00
 2.28636e+00  1.02726e+00  2.49004e+00
 2.22353e+00  1.07289e+00  2.56855e+00
 2.25054e+00  1.06594e+00  2.39521e+00
 2.28638e+00  9.17151e-01  2.50420e+00
 2.45255e+00  1.11715e+00  2.58839e+00
 2.29767e+00  2.27350e+00  3.24199e-01
 2.21697e+00  2.34839e+00  3.26812e-01
 2.25647e+00  2.17529e+00  3.48334e-01
 2.35849e+00  2.29719e+00  4.07783e-01
 2.36366e+00  2.27187e+00  1.83834e-01
 2.30106e+00  2.32951e+00  9.65430e-02
 2.48273e+00  2.20643e+00  1.66218e-01
 2.57877e+00  2.15475e+00  2.62680e-01
 2.53249e+00  2.11382e+00  3.54685e-01
 2.63345e+00  2.08320e+00  2.02411e-01
 2.64275e+00  2.23886e+00  2.91106e-01
 2.50445e+00  2.17135e+00  6.72665e-02
 2.22536e+00  2.07658e+00  1.74076e+00
 2.17786e+00  2.12021e+00  1.65197e+00
 2.24481e+00  2.15231e+00  1.81825e+00
 2.32029e+00  2.04871e+00  1.69665e+00
 2.16264e+00  1.95104e+00  1.78190e+00
 2.13099e+00  1.93715e+00  1.89768e+00
 2.11421e+00  1.86364e+00  1.69416e+00
 2.14135e+00  1.86819e+00  1.55089e+00
 2.21746e+00  1.93640e+00  1.51995e+00
 2.17683e+00  1.77512e+00  1.52495e+00
 2.03706e+00  1.88642e+00  1.51313e+00
 2.06999e+00  1.77801e+00  1.71575e+00
 9.27754e-01  2.88266e+00  1.21129e+00
 1.02564e+00  2.92117e+00  1.24581e+00
 8.45668e-01  2.89402e+00  1.27816e+00
 9.27601e-01  2.77744e+00  1.21598e+00
 8.83459e-01  1.76105e-02  1.07907e+00
 9.39256e-01  1.17119e-01  1.03936e+00
 8.11168e-01  2.88385e+00  9.97077e-01
 7.58102e-01  2.75024e+00  1.00577e+00
 8.29221e-01  2.68403e+00  9.61666e-01
 7.35547e-01  2.70817e+00  1.10782e+00
 6.68090e-01  2.74499e+00  9.53145e-01
 8.00851e-01  2.92728e+00  9.04744e-01
 4.47859e-01  2.32168e+00  2.06102e+00
 4.78721e-01  2.27711e+00  2.15261e+00
 5.07169e-01  2.40038e+00  2.02477e+00
 3.49977e-01  2.35653e+00  2.07446e+00
 4.57387e-01  2.20239e+00  1.96091e+00
 4.76340e-01  2.23377e+00  1.84553e+00
 3.99829e-01  2.09138e+00  1.99490e+00
 3.55004e-01  2.02965e+00  2.11965e+00
 4.25966e-01  1.95630e+00  2.14985e+00
 3.35344e-01  2.10290e+00  2.19244e+00
 2.54888e-01  1.97675e+00  2.10245e+00
 3.75077e-01  2.03246e+00  1.91638e+00
 1.95064e+00  2.53194e+00  4.69559e-01
 1.84898e+00  2.53486e+00  4.38027e-01
 2.00930e+00  2.44248e+00  4.36908e-01
 1.94436e+00  2.52117e+00  5.77444e-01
 2.00749e+00  2.66238e+00  4.19361e-01
 2.00270e+00  2.75766e+00  4.93112e-01
 2.03873e+00  2.67812e+00  2.92941e-01
 2.02243e+00  2.57822e+00  1.86746e-01
 2.06977e+00  2.62678e+00  9.77206e-02
 2.07867e+00  2.48307e+00  2.19282e-01
 1.91548e+00  2.56668e+00  1.69042e-01
 2.07082e+00  2.76719e+00  2.69459e-01
 2.34463e+00  2.86555e+00  4.45022e-01
 2.24084e+00  2.88653e+00  4.21322e-01
 2.35534e+00  2.75543e+00  4.55000e-01
 2.37194e+00  2.90264e+00  5.48596e-01
 2.43902e+00  2.91151e+00  3.30394e-01
 2.51177e+00  8.40239e-02  3.39085e-01
 2.46658e+00  2.82191e+00  2.29254e-01
 2.42453e+00  2.67917e+00  2.15621e-01
 2.31884e+00  2.67811e+00  1.91356e-01
 2.45572e+00  2.62616e+00  3.01280e-01
 2.46691e+00  2.62262e+00  1.35025e-01
 2.53910e+00  2.83215e+00  1.59754e-01
 3.72085e-01  2.63287e+00  1.04550e+00
 4.71126e-01  2.61544e+00  1.00084e+00
 2.99357e-01  2.64695e+00  9.66382e-01
 3.82556e-01  2.72999e+00  1.10077e+00
 3.31286e-01  2.50791e+00  1.12431e+00
 4.03581e-01  2.46507e+00  1.20727e+00
 2.23592e-01  2.43527e+00  1.09151e+00
 1.06424e-01  2.47206e+00  1.01397e+00
 2.04488e-02  2.45304e+00  1.08503e+00
 1.12156e-01  2.57975e+00  9.92073e-01
 9.55643e-02  2.41777e+00  9.20129e-01
 2.14117e-01  2.35871e+00  1.15087e+00
 2.38917e+00  2.78799e+00  1.27666e+00
 2.30170e+00  2.85277e+00  1.27944e+00
 2.37856e+00  2.72696e+00  1.18730e+00
 2.40027e+00  2.72324e+00  1.36754e+00
 2.49916e+00  2.89265e+00  1.24581e+00
 2.54322e+00  2.89355e+00  1.13040e+00
 2.50298e+00  7.93292e-02  1.32107e+00
 2.45688e+00  1.04575e-01  1.45560e+00
 2.53031e+00  1.72659e-01  1.49575e+00
 2.36202e+00  1.62434e-01  1.43690e+00
 2.45010e+00  1.39168e-02  1.51303e+00
 2.55154e+00  1.56653e-01  1.28077e+00
 1.80233e-01  1.76170e+00  2.28717e+00
 1.60362e-01  1.82883e+00  2.37161e+00
 2.61232e-01  1.80072e+00  2.22683e+00
 9.41717e-02  1.74955e+00  2.21796e+00
 2.07983e-01  1.62222e+00  2.33969e+00
 1.11744e-01  1.54676e+00  2.35004e+00
 3.24232e-01  1.57843e+00  2.38275e+00
 4.32023e-01  1.67097e+00  2.42168e+00
 4.65152e-01  1.72457e+00  2.33747e+00
 4.04750e-01  1.74326e+00  2.49892e+00
 5.15728e-01  1.61278e+00  2.45137e+00
 3.35100e-01  1.48194e+00  2.40924e+00
 2.22111e+00  1.87554e+00  6.80002e-01
 2.12263e+00  1.83396e+00  6.82197e-01
 2.29153e+00  1.80797e+00  6.37415e-01
 2.25914e+00  1.90154e+00  7.79885e-01
 2.23497e+00  2.00859e+00  6.06295e-01
 2.32754e+00  2.03029e+00  5.23248e-01
 2.15809e+00  2.10779e+00  6.43043e-01
 2.04695e+00  2.11225e+00  7.38475e-01
 2.02223e+00  2.22036e+00  7.49642e-01
 1.96095e+00  2.06313e+00  6.98662e-01
 2.07259e+00  2.07040e+00  8.34618e-01
 2.18831e+00  2.20349e+00  6.12918e-01
 1.61202e+00  1.17672e-01  1.08221e+00
 1.61611e+00  8.70421e-02  9.76163e-01
 1.60162e+00  2.88079e-02  1.15316e+00
 1.52435e+00  1.76651e-01  1.09363e+00
 1.73138e+00  1.97930e-01  1.11726e+00
 1.82484e+00  2.13857e-01  1.03939e+00
 1.72017e+00  2.72336e-01  1.23039e+00
 1.62273e+00  2.55588e-01  1.33399e+00
 1.51378e+00  2.58033e-01  1.31234e+00
 1.63992e+00  1.75951e-01  1.40241e+00
 1.61460e+00  3.45438e-01  1.39152e+00
 1.79837e+00  3.39767e-01  1.24762e+00
 7.54812e-01  9.14568e-01  8.02551e-01
 7.21157e-01  8.16497e-01  7.76841e-01
 7.56145e-01  9.57720e-01  7.03123e-01
 8.58374e-01  9.08043e-01  8.21590e-01
 6.63734e-01  9.84861e-01  8.99748e-01
 5.58329e-01  9.25505e-01  9.37705e-01
 6.92127e-01  1.10913e+00  9.41689e-01
 8.06365e-01  1.19054e+00  8.97335e-01
 7.58174e-01  1.27734e+00  8.45703e-01
 8.56306e-01  1.22259e+00  9.95564e-01
 8.76308e-01  1.13957e+00  8.30206e-01
 6.22242e-01  1.15838e+00  9.96175e-01
 1.24147e+00  1.24248e+00  6.19003e-01
 1.34099e+00  1.28409e+00  6.32918e-01
 1.22898e+00  1.18215e+00  5.30199e-01
 1.17977e+00  1.33561e+00  6.11206e-01
 1.19352e+00  1.16805e+00  7.43334e-01
 1.18018e+00  1.05058e+00  7.31418e-01
 1.17878e+00  1.23373e+00  8.52768e-01
 1.19657e+00  1.37709e+00  8.76589e-01
 1.16959e+00  1.39691e+00  9.79449e-01
 1.30073e+00  1.40670e+00  8.62994e-01
 1.12558e+00  1.43865e+00  8.22205e-01
 1.13106e+00  1.17681e+00  9.27362e-01
 1.64286e+00  2.11339e+00  1.50627e+00
 1.59163e+00  2.10791e+00  1.40944e+00
 1.74396e+00  2.06766e+00  1.50731e+00
 1.58214e+00  2.06025e+00  1.57571e+00
 1.65346e+00  2.25570e+00  1.55149e+00
 1.58072e+00  2.33937e+00  1.49875e+00
 1.72076e+00  2.28237e+00  1.66443e+00
 1.80229e+00  2.19775e+00  1.75420e+00
 1.74799e+00  2.10762e+00  1.77996e+00
 1.90155e+00  2.17908e+00  1.70525e+00
 1.82479e+00  2.24889e+00  1.83843e+00
 1.70041e+00  2.36953e+00  1.70847e+00
 1.52940e+00  5.79595e-01  2.03961e+00
 1.46939e+00  5.46366e-01  2.12332e+00
 1.53963e+00  6.84477e-01  2.06375e+00
 1.48844e+00  5.71347e-01  1.94103e+00
 1.66196e+00  5.17660e-01  2.02242e+00
 1.70241e+00  4.81002e-01  1.91007e+00
 1.74783e+00  5.32615e-01  2.12644e+00
 1.72592e+00  5.87394e-01  2.25423e+00
 1.69543e+00  6.91656e-01  2.24568e+00
 1.64487e+00  5.38212e-01  2.30133e+00
 1.81473e+00  5.78471e-01  2.31542e+00
 1.83902e+00  4.90292e-01  2.11419e+00
 2.25172e+00  1.86593e+00  2.42123e+00
 2.28028e+00  1.76797e+00  2.44183e+00
 2.34174e+00  1.93030e+00  2.42221e+00
 2.18971e+00  1.90272e+00  2.50176e+00
 2.17700e+00  1.87457e+00  2.29410e+00
 2.07683e+00  1.80648e+00  2.28520e+00
 2.23308e+00  1.93432e+00  2.18296e+00
 2.36793e+00  1.98537e+00  2.16446e+00
 2.43135e+00  1.90675e+00  2.20895e+00
 2.40216e+00  2.00821e+00  2.06727e+00
 2.37551e+00  2.06685e+00  2.23723e+00
 2.17541e+00  1.93155e+00  2.10319e+00
 2.60806e+00  4.96257e-01  2.72871e+00
 2.68115e+00  4.30566e-01  2.68417e+00
 2.64859e+00  5.82583e-01  2.77348e+00
 2.57322e+00  4.38936e-01  2.81155e+00
 2.49253e+00  5.24493e-01  2.63158e+00
 2.38095e+00  4.72893e-01  2.64759e+00
 2.50019e+00  6.30366e-01  2.54899e+00
 2.61091e+00  7.25874e-01  2.51945e+00
 2.70616e+00  6.74802e-01  2.50545e+00
 2.59552e+00  7.76569e-01  2.42619e+00
 2.62863e+00  7.97365e-01  2.59699e+00
 2.41588e+00  6.49174e-01  2.49581e+00
 2.57562e+00  2.41285e+00  2.22788e+00
 2.67462e+00  2.42841e+00  2.18711e+00
 2.56911e+00  2.32005e+00  2.29478e+00
 2.51606e+00  2.38082e+00  2.14878e+00
 2.52122e+00  2.54345e+00  2.27385e+00
 2.41689e+00  2.58271e+00  2.22317e+00
 2.59770e+00  2.62961e+00  2.34392e+00
 2.72471e+00  2.60518e+00  2.40650e+00
 2.70286e+00  2.57395e+00  2.50875e+00
 2.77503e+00  2.51734e+00  2.35742e+00
 2.79141e+00  2.69224e+00  2.41007e+00
 2.56651e+00  2.72632e+00  2.34623e+00
 8.20623e-01  1.61330e+00  2.77656e+00
 8.61812e-01  1.59071e+00  2.87071e+00
 9.04243e-01  1.65820e+00  2.72699e+00
 7.42566e-01  1.69124e+00  2.78088e+00
 7.76582e-01  1.49126e+00  2.69723e+00
 7.02193e-01  1.50305e+00  2.60234e+00
 8.39710e-01  1.37407e+00  2.71684e+00
 7.87673e-01  1.24918e+00  2.66506e+00
 6.82288e-01  1.23942e+00  2.63502e+00
 8.44722e-01  1.21307e+00  2.57693e+00
 7.92601e-01  1.18167e+00  2.74332e+00
 9.14516e-01  1.36783e+00  2.78570e+00
 2.78260e+00  9.54956e-01  1.86194e+00
 2.74021e+00  1.04266e+00  1.90131e+00
 2.71171e+00  8.74951e-01  1.88523e+00
 2.87489e+00  9.25382e-01  1.90779e+00
 2.80916e+00  9.53015e-01  1.70723e+00
 2.84194e+00  1.06051e+00  1.65176e+00
 2.78364e+00  8.40825e-01  1.64003e+00
 2.75985e+00  7.06444e-01  1.69299e+00
 2.65574e+00  7.02541e-01  1.72682e+00
 2.78369e+00  6.18855e-01  1.62327e+00
 2.82279e+00  6.78869e-01  1.78463e+00
 2.80095e+00  8.40660e-01  1.53911e+00
 2.52183e+00  1.53480e+00  1.49717e+00
 2.43924e+00  1.51997e+00  1.55991e+00
 2.54750e+00  1.45125e+00  1.42910e+00
 2.61497e+00  1.54383e+00  1.56435e+00
 2.48816e+00  1.66787e+00  1.42332e+00
 2.39275e+00  1.65947e+00  1.34178e+00
 2.53973e+00  1.78040e+00  1.46829e+00
 2.64197e+00  1.80399e+00  1.57147e+00
 2.64589e+00  1.73646e+00  1.65510e+00
 2.74005e+00  1.80809e+00  1.52292e+00
 2.63709e+00  1.90841e+00  1.61260e+00
 2.50028e+00  1.86685e+00  1.42356e+00
 1.08506e+00  1.80808e+00  2.00797e+00
 1.02304e+00  1.78682e+00  2.09951e+00
 1.04232e+00  1.89959e+00  1.96983e+00
 1.07475e+00  1.73224e+00  1.93108e+00
 1.23450e+00  1.82325e+00  2.04441e+00
 1.31119e+00  1.77007e+00  1.96595e+00
 1.26314e+00  1.89664e+00  2.15033e+00
 1.18512e+00  1.99080e+00  2.22991e+00
 1.10373e+00  1.93635e+00  2.28381e+00
 1.23926e+00  2.05430e+00  2.30491e+00
 1.14620e+00  2.07137e+00  2.17505e+00
 1.35815e+00  1.88254e+00  2.17783e+00
 9.61297e-01  2.54704e+00  1.63287e+00
 8.89590e-01  2.48295e+00  1.58591e+00
 9.32520e-01  2.54869e+00  1.73788e+00
 9.50445e-01  2.64527e+00  1.59470e+00
 1.10593e+00  2.49059e+00  1.62105e+00
 1.19168e+00  2.51352e+00  1.70797e+00
 1.13613e+00  2.41230e+00  1.51865e+00
 1.27402e+00  2.39614e+00  1.47962e+00
 1.31971e+00  2.47182e+00  1.41827e+00
 1.33982e+00  2.36865e+00  1.56545e+00
 1.28405e+00  2.30921e+00  1.41872e+00
 1.06330e+00  2.38704e+00  1.45196e+00
 1.71187e+00  9.31118e-01  1.42672e+00
 1.69084e+00  9.98171e-01  1.34787e+00
 1.63518e+00  9.38028e-01  1.49507e+00
 1.80868e+00  9.53682e-01  1.47036e+00
 1.70475e+00  7.94990e-01  1.37023e+00
 1.65712e+00  7.77691e-01  1.25913e+00
 1.72758e+00  6.89929e-01  1.45441e+00
 1.76039e+00  6.83533e-01  1.59696e+00
 1.67698e+00  6.77312e-01  1.65504e+00
 1.80089e+00  5.82895e-01  1.60859e+00
 1.82050e+00  7.61835e-01  1.63092e+00
 1.73328e+00  6.03044e-01  1.40025e+00
 1.26903e+00  1.54570e+00  2.36983e+00
 1.29843e+00  1.50180e+00  2.27450e+00
 1.15521e+00  1.53061e+00  2.35694e+00
 1.27188e+00  1.65481e+00  2.36823e+00
 1.33964e+00  1.48208e+00  2.49460e+00
 1.44836e+00  1.42507e+00  2.47018e+00
 1.29075e+00  1.50649e+00  2.61153e+00
 1.16948e+00  1.58830e+00  2.63562e+00
 1.13312e+00  1.59173e+00  2.73822e+00
 1.18516e+00  1.69254e+00  2.60347e+00
 1.09556e+00  1.53637e+00  2.57762e+00
 1.34639e+00  1.48317e+00  2.69448e+00
 8.75681e-01  9.95751e-01  1.98863e+00
 8.94665e-01  8.94221e-01  1.96967e+00
 8.47780e-01  1.01661e+00  2.09434e+00
 7.89963e-01  1.01614e+00  1.92593e+00
 9.95385e-01  1.08783e+00  1.97206e+00
 1.06223e+00  1.12721e+00  2.06618e+00
 1.02451e+00  1.13997e+00  1.84794e+00
 9.32170e-01  1.13006e+00  1.73143e+00
 9.79951e-01  1.16881e+00  1.64105e+00
 9.10428e-01  1.02209e+00  1.71311e+00
 8.43678e-01  1.18017e+00  1.74094e+00
 1.09953e+00  1.20982e+00  1.84750e+00
 1.34236e+00  7.29817e-01  2.70926e+00
 1.23552e+00  7.65968e-01  2.73866e+00
 1.39497e+00  8.19009e-01  2.66947e+00
 1.32919e+00  6.55471e-01  2.63020e+00
 1.40657e+00  6.78400e-01  2.84056e+00
 1.33435e+00  6.84438e-01  1.34669e-02
 1.53782e+00  6.35830e-01  2.84473e+00
 1.63349e+00  6.39157e-01  2.72785e+00
 1.58444e+00  6.67337e-01  2.63160e+00
 1.69899e+00  7.21162e-01  2.74358e+00
 1.67057e+00  5.32776e-01  2.72102e+00
 1.57346e+00  6.02280e-01  5.90608e-03
 7.21673e-01  2.58562e+00  2.42429e+00
 8.20312e-01  2.55467e+00  2.41066e+00
 6.94189e-01  2.62587e+00  2.32902e+00
 7.14986e-01  2.66008e+00  2.50511e+00
 6.47883e-01  2.45813e+00  2.45600e+00
 5.66357e-01  2.41821e+00  2.37663e+00
 6.76756e-01  2.39154e+00  2.57157e+00
 7.55801e-01  2.44228e+00  2.68696e+00
 6.79996e-01  2.49556e+00  2.74246e+00
 8.04216e-01  2.36075e+00  2.73311e+00
 8.34304e-01  2.51548e+00  2.66351e+00
 6.33516e-01  2.30347e+00  2.58340e+00
 1.00174e-01  2.76576e+00  1.29903e+00
 8.14911e-02  2.78632e+00  1.40345e+00
 1.17168e-01  2.66308e+00  1.30803e+00
 1.86357e-01  2.82522e+00  1.25658e+00
 2.90107e+00  2.79502e+00  1.22268e+00
 2.87008e+00  2.74016e+00  1.11450e+00
 2.83241e+00  2.90321e+00  1.26082e+00
 2.85594e+00  7.28924e-02  1.37054e+00
 3.11984e-02  1.06915e-01  1.37291e+00
 2.79250e+00  1.57684e-01  1.35370e+00
 2.82666e+00  3.85003e-02  1.46886e+00
 2.76467e+00  5.86792e-03  1.19916e+00
 1.46508e-01  7.71032e-02  1.84820e+00
 2.11892e-01  1.58715e-01  1.88541e+00
 3.88065e-02  1.04425e-01  1.86254e+00
 1.66067e-01  2.91740e+00  1.90357e+00
 1.82798e-01  5.34346e-02  1.69830e+00
 1.77791e-01  1.44402e-01  1.62025e+00
 2.10047e-01  2.85862e+00  1.65290e+00
 2.12182e-01  2.72436e+00  1.71939e+00
 1.50846e-01  2.71745e+00  1.80929e+00
 1.83844e-01  2.64278e+00  1.65688e+00
 3.20319e-01  2.70217e+00  1.74661e+00
 2.18378e-01  2.84853e+00  1.55710e+00
 6.57469e-01  1.57713e+00  1.63688e+00
 6.42060e-01  1.65986e+00  1.56982e+00
 5.81011e-01  1.50516e+00  1.60833e+00
 6.34883e-01  1.59046e+00  1.74217e+00
 8.03600e-01  1.53573e+00  1.64481e+00
 8.39554e-01  1.41579e+00  1.63548e+00
 8.99563e-01  1.62446e+00  1.65851e+00
 8.75443e-01  1.76726e+00  1.68818e+00
 8.16418e-01  1.80785e+00  1.60581e+00
 8.27586e-01  1.77311e+00  1.78416e+00
 9.67987e-01  1.82326e+00  1.70633e+00
 9.91117e-01  1.58341e+00  1.65474e+00
 5.30819e-01  2.58588e+00  1.57879e-01
 5.64595e-01  2.62908e+00  6.52223e-02
 5.92512e-01  2.63225e+00  2.38107e-01
 5.62107e-01  2.48165e+00  1.42919e-01
 3.83961e-01  2.59437e+00  1.99730e-01
 3.15179e-01  2.49584e+00  1.88364e-01
 3.44889e-01  2.69796e+00  2.77223e-01
 4.10945e-01  2.82186e+00  2.96445e-01
 5.13446e-01  2.81728e+00  3.39929e-01
 4.07047e-01  2.87743e+00  2.04955e-01
 3.57214e-01  2.88398e+00  3.73533e-01
 2.50743e-01  2.69222e+00  3.17029e-01
 1.11529e-01  1.12630e+00  2.06760e+00
 1.02680e-01  1.13931e+00  1.96115e+00
 1.68731e-01  1.04177e+00  2.10083e+00
 9.87005e-03  1.09831e+00  2.10396e+00
 1.62608e-01  1.24847e+00  2.13460e+00
 2.79848e-01  1.27671e+00  2.12052e+00
 7.14732e-02  1.34020e+00  2.16495e+00
 2.84970e+00  1.31815e+00  2.15882e+00
 2.80977e+00  1.24608e+00  2.23597e+00
 2.81025e+00  1.41655e+00  2.17710e+00
 2.82749e+00  1.27881e+00  2.05957e+00
 1.01132e-01  1.43916e+00  2.19341e+00
 6.00746e-02  2.67178e+00  2.11514e+00
 1.13240e-01  2.73311e+00  2.05178e+00
 6.02352e-02  2.72148e+00  2.20316e+00
 1.09830e-01  2.57653e+00  2.13425e+00
 2.84848e+00  2.64985e+00  2.06038e+00
 2.82210e+00  2.54539e+00  1.99798e+00
 2.76602e+00  2.74827e+00  2.07806e+00
 2.78628e+00  2.87350e+00  2.14985e+00
 2.78895e+00  2.84960e+00  2.25073e+00
 2.86259e+00  1.85464e-02  2.11253e+00
 2.70038e+00  3.22075e-03  2.15491e+00
 2.68498e+00  2.74908e+00  2.02115e+00
 1.81500e+00  2.71322e+00  1.22123e+00
 1.83485e+00  2.78423e+00  1.13752e+00
 1.85689e+00  2.61830e+00  1.18971e+00
 1.70709e+00  2.70560e+00  1.21218e+00
 1.86302e+00  2.76428e+00  1.35766e+00
 1.90145e+00  2.87822e+00  1.36035e+00
 1.86927e+00  2.68816e+00  1.46454e+00
 1.83256e+00  2.54870e+00  1.47680e+00
 1.74439e+00  2.52914e+00  1.40928e+00
 1.91538e+00  2.48687e+00  1.43445e+00
 1.80722e+00  2.50872e+00  1.57181e+00
 1.91029e+00  2.72004e+00  1.55171e+00
 2.38402e+00  1.50960e+00  6.93209e-01
 2.42922e+00  1.58159e+00  6.27372e-01
 2.27931e+00  1.55146e+00  6.95582e-01
 2.45056e+00  1.51925e+00  7.86451e-01
 2.41621e+00  1.38358e+00  6.10303e-01
 2.53410e+00  1.36091e+00  5.85466e-01
 2.33227e+00  1.28683e+00  6.00163e-01
 2.19741e+00  1.25968e+00  6.46771e-01
 2.15447e+00  1.35423e+00  6.61444e-01
 2.13577e+00  1.20755e+00  5.68461e-01
 2.20310e+00  1.19258e+00  7.30515e-01
 2.35885e+00  1.21314e+00  5.30183e-01
 1.99388e+00  1.01971e+00  9.33942e-01
 1.99526e+00  9.09914e-01  9.27664e-01
 1.91015e+00  1.05974e+00  8.79092e-01
 2.08968e+00  1.07209e+00  8.96985e-01
 1.97674e+00  1.07861e+00  1.07211e+00
 1.98414e+00  1.00836e+00  1.17436e+00
 1.94003e+00  1.20623e+00  1.08530e+00
 1.97612e+00  1.31131e+00  9.84452e-01
 2.06350e+00  1.28476e+00  9.21771e-01
 1.89306e+00  1.33071e+00  9.15829e-01
 2.00209e+00  1.40121e+00  1.03974e+00
 1.92745e+00  1.24230e+00  1.18205e+00
 2.61165e+00  2.21213e+00  1.71295e+00
 2.56158e+00  2.14441e+00  1.78427e+00
 2.53794e+00  2.26265e+00  1.65617e+00
 2.67780e+00  2.16202e+00  1.64563e+00
 2.70371e+00  2.30820e+00  1.78107e+00
 2.82018e+00  2.28720e+00  1.79306e+00
 2.64745e+00  2.41268e+00  1.84864e+00
 2.50105e+00  2.43920e+00  1.86389e+00
 2.49457e+00  2.51083e+00  1.95419e+00
 2.45244e+00  2.49253e+00  1.78038e+00
 2.44751e+00  2.34979e+00  1.87695e+00
 2.72066e+00  2.47039e+00  1.89616e+00
 1.47686e+00  9.76033e-01  1.89688e-01
 1.42378e+00  9.03408e-01  1.15410e-01
 1.54931e+00  1.04109e+00  1.38224e-01
 1.53445e+00  9.19429e-01  2.64303e-01
 1.38648e+00  1.06354e+00  2.74647e-01
 1.27204e+00  1.03196e+00  2.92329e-01
 1.42793e+00  1.17495e+00  3.32468e-01
 1.55848e+00  1.22467e+00  3.57243e-01
 1.58287e+00  1.30952e+00  3.00204e-01
 1.55468e+00  1.27267e+00  4.58797e-01
 1.64265e+00  1.15511e+00  3.44828e-01
 1.35596e+00  1.23042e+00  3.78423e-01
 1.69735e-01  6.22887e-01  2.12337e+00
 2.39527e-01  6.31882e-01  2.03424e+00
 1.41181e-01  7.26961e-01  2.15672e+00
 2.25731e-01  5.67266e-01  2.20044e+00
 4.97884e-02  5.37004e-01  2.08573e+00
 6.58396e-02  4.39731e-01  2.00955e+00
 2.85364e+00  5.79993e-01  2.09126e+00
 2.77641e+00  6.73839e-01  2.17559e+00
 2.78203e+00  6.42278e-01  2.28632e+00
 2.81300e+00  7.73357e-01  2.16598e+00
 2.67244e+00  6.77261e-01  2.14714e+00
 2.79890e+00  5.22377e-01  2.03045e+00
 1.83253e+00  1.48563e+00  2.64136e+00
 1.88526e+00  1.51787e+00  2.73247e+00
 1.72778e+00  1.52199e+00  2.64012e+00
 1.83343e+00  1.37566e+00  2.63986e+00
 1.91790e+00  1.52713e+00  2.52372e+00
 1.99545e+00  1.44816e+00  2.47046e+00
 1.90139e+00  1.65124e+00  2.48467e+00
 1.80879e+00  1.74539e+00  2.52123e+00
 1.83586e+00  1.77657e+00  2.62661e+00
 1.81499e+00  1.82943e+00  2.45273e+00
 1.71342e+00  1.69412e+00  2.52639e+00
 1.96986e+00  1.68308e+00  2.41811e+00
 2.53392e+00  1.84593e+00  2.74375e+00
 2.63138e+00  1.80350e+00  2.75052e+00
 2.46424e+00  1.80667e+00  2.82307e+00
 2.49373e+00  1.80713e+00  2.64859e+00
 2.53514e+00  2.00356e+00  2.72933e+00
 2.49855e+00  2.07895e+00  2.82366e+00
 2.56660e+00  2.05712e+00  2.61059e+00
 2.60954e+00  1.99021e+00  2.48332e+00
 2.60667e+00  2.05899e+00  2.39492e+00
 2.70829e+00  1.94994e+00  2.50206e+00
 2.55102e+00  1.90485e+00  2.46525e+00
 2.54121e+00  2.15287e+00  2.60314e+00
 8.93617e-01  1.69917e+00  3.74759e-01
 8.15294e-01  1.67360e+00  3.06694e-01
 9.31887e-01  1.59982e+00  4.06417e-01
 8.53649e-01  1.74229e+00  4.61083e-01
 1.00849e+00  1.78521e+00  3.14231e-01
 1.01194e+00  1.90802e+00  3.19769e-01
 1.10102e+00  1.72394e+00  2.46288e-01
 1.11034e+00  1.57548e+00  2.12535e-01
 1.17675e+00  1.54790e+00  1.35575e-01
 1.14052e+00  1.51701e+00  2.99850e-01
 1.00766e+00  1.54147e+00  1.76808e-01
 1.17482e+00  1.78964e+00  2.23399e-01
 2.74125e+00  2.71435e+00  1.68095e+00
 2.68197e+00  2.72946e+00  1.77049e+00
 2.82939e+00  2.65585e+00  1.70184e+00
 2.77158e+00  2.80897e+00  1.63535e+00
 2.65412e+00  2.63758e+00  1.57941e+00
 2.53043e+00  2.65631e+00  1.58140e+00
 2.70610e+00  2.53664e+00  1.51168e+00
 2.84469e+00  2.50865e+00  1.49581e+00
 2.89159e+00  2.60518e+00  1.47009e+00
 2.88067e+00  2.47232e+00  1.59009e+00
 2.85313e+00  2.43244e+00  1.41392e+00
 2.63718e+00  2.48918e+00  1.44770e+00
 2.73190e+00  2.44105e+00  5.24412e-01
 2.72744e+00  2.51469e+00  4.46282e-01
 2.81399e+00  2.47508e+00  5.97319e-01
 2.75405e+00  2.35146e+00  4.70183e-01
 2.58982e+00  2.44960e+00  5.89340e-01
 2.52736e+00  2.55573e+00  5.82193e-01
 2.53822e+00  2.35128e+00  6.62347e-01
 2.60886e+00  2.21907e+00  6.74962e-01
 2.54818e+00  2.16373e+00  7.45391e-01
 2.59677e+00  2.15921e+00  5.82401e-01
 2.71492e+00  2.22595e+00  7.06287e-01
 2.44403e+00  2.36563e+00  7.01554e-01
 5.59462e-01  7.91148e-01  2.05314e+00
 6.23427e-01  8.16153e-01  1.96439e+00
 6.21827e-01  7.46749e-01  2.12929e+00
 4.71499e-01  7.30294e-01  2.04034e+00
 5.03659e-01  9.20504e-01  2.12236e+00
 4.78119e-01  9.25279e-01  2.24266e+00
 4.73750e-01  1.02347e+00  2.04798e+00
 4.70928e-01  1.02580e+00  1.90362e+00
 3.98797e-01  1.10328e+00  1.86686e+00
 5.70429e-01  1.06679e+00  1.88878e+00
 4.56086e-01  9.32691e-01  1.85549e+00
 4.40584e-01  1.10028e+00  2.09954e+00
 9.31284e-01  2.01762e-01  1.77544e+00
 8.59227e-01  2.67056e-01  1.82304e+00
 1.02354e+00  1.97307e-01  1.83474e+00
 9.48438e-01  2.37539e-01  1.67298e+00
 8.78057e-01  5.84861e-02  1.77188e+00
 7.74270e-01  3.68131e-02  1.83301e+00
 9.45255e-01  2.89198e+00  1.70760e+00
 1.07986e+00  2.90979e+00  1.64898e+00
 1.14323e+00  3.26841e-02  1.71563e+00
 1.12874e+00  2.81442e+00  1.61768e+00
 1.06654e+00  3.73631e-02  1.55772e+00
 9.11405e-01  2.79717e+00  1.71431e+00
 6.98236e-01  2.23103e+00  1.47752e+00
 6.28382e-01  2.28252e+00  1.42368e+00
 6.75793e-01  2.23238e+00  1.58728e+00
 7.93309e-01  2.27176e+00  1.48133e+00
 7.15002e-01  2.09352e+00  1.41272e+00
 7.99567e-01  2.08663e+00  1.33047e+00
 6.12624e-01  2.00482e+00  1.41997e+00
 5.07836e-01  2.00176e+00  1.51989e+00
 5.14958e-01  1.91521e+00  1.57828e+00
 5.06968e-01  2.08034e+00  1.59271e+00
 4.07160e-01  1.98995e+00  1.48121e+00
 6.29835e-01  1.91864e+00  1.36745e+00
 2.50522e+00  3.80150e-01  1.76949e+00
 2.46819e+00  2.82715e-01  1.73975e+00
 2.44338e+00  4.36218e-01  1.83501e+00
 2.50377e+00  4.35814e-01  1.67562e+00
 2.64298e+00  3.79415e-01  1.83396e+00
 2.65549e+00  4.14912e-01  1.95357e+00
 2.75082e+00  3.36400e-01  1.77203e+00
 2.76374e+00  3.05707e-01  1.62695e+00
 2.86882e+00  3.15857e-01  1.59155e+00
 2.74756e+00  1.97346e-01  1.61028e+00
 2.69625e+00  3.63798e-01  1.55772e+00
 2.83192e+00  3.41694e-01  1.82603e+00
 2.25764e+00  1.98585e+00  1.18899e+00
 2.15239e+00  1.95658e+00  1.18310e+00
 2.29404e+00  1.94772e+00  1.29120e+00
 2.25420e+00  2.09337e+00  1.19050e+00
 2.35151e+00  1.94701e+00  1.07111e+00
 2.35692e+00  2.01427e+00  9.73188e-01
 2.42165e+00  1.82680e+00  1.07685e+00
 2.50594e+00  1.77977e+00  9.73104e-01
 2.44339e+00  1.75535e+00  8.79386e-01
 2.57814e+00  1.85784e+00  9.58884e-01
 2.55207e+00  1.68516e+00  9.98252e-01
 2.39819e+00  1.77124e+00  1.16094e+00
 8.45213e-01  6.31314e-01  4.76599e-01
 7.71156e-01  6.96088e-01  5.18380e-01
 8.61698e-01  6.59463e-01  3.73156e-01
 8.12611e-01  5.24247e-01  4.70622e-01
 9.83533e-01  6.47908e-01  5.34921e-01
 1.03092e+00  5.55292e-01  5.92264e-01
 1.05043e+00  7.65568e-01  5.34178e-01
 9.86942e-01  8.97407e-01  5.14585e-01
 9.83920e-01  9.47771e-01  6.08624e-01
 1.05413e+00  9.50718e-01  4.40981e-01
 8.90223e-01  8.85594e-01  4.70100e-01
 1.14303e+00  7.62041e-01  5.79670e-01
 1.89784e+00  1.13345e+00  2.38872e+00
 1.81847e+00  1.10165e+00  2.44366e+00
 1.98057e+00  1.06877e+00  2.41951e+00
 1.90511e+00  1.23185e+00  2.44019e+00
 1.87352e+00  1.13657e+00  2.23330e+00
 1.93731e+00  1.06885e+00  2.15255e+00
 1.76877e+00  1.20548e+00  2.18669e+00
 1.68278e+00  1.28553e+00  2.27501e+00
 1.58931e+00  1.31323e+00  2.22995e+00
 1.66075e+00  1.22541e+00  2.36268e+00
 1.73336e+00  1.37451e+00  2.31087e+00
 1.73107e+00  1.18355e+00  2.09432e+00
 2.89885e+00  1.53661e+00  1.45252e+00
 2.32237e-03  1.54997e+00  1.34782e+00
 2.81829e+00  1.60732e+00  1.46530e+00
 5.42872e-02  1.53973e+00  1.51984e+00
 2.84796e+00  1.39780e+00  1.45906e+00
 2.81860e+00  1.34573e+00  1.35328e+00
 2.83352e+00  1.32837e+00  1.57463e+00
 2.86313e+00  1.37506e+00  1.70318e+00
 2.83730e+00  1.47844e+00  1.72742e+00
 2.82517e+00  1.30962e+00  1.78564e+00
 3.90227e-02  1.36985e+00  1.72046e+00
 2.81798e+00  1.23160e+00  1.56436e+00
 6.40333e-01  1.97443e+00  2.76405e-01
 6.94438e-01  1.88316e+00  2.63867e-01
 5.40605e-01  1.95995e+00  2.35571e-01
 6.82433e-01  2.05609e+00  2.23382e-01
 6.18484e-01  2.00243e+00  4.30974e-01
 6.50901e-01  1.93124e+00  5.24049e-01
 5.64029e-01  2.12432e+00  4.54550e-01
 5.11986e-01  2.22405e+00  3.55909e-01
 4.52489e-01  2.17369e+00  2.81740e-01
 4.41479e-01  2.30242e+00  3.88948e-01
 5.92642e-01  2.26844e+00  3.07261e-01
 5.46914e-01  2.14214e+00  5.54048e-01
 1.26319e+00  1.83243e+00  1.61095e+00
 1.27370e+00  1.85840e+00  1.71564e+00
 1.15728e+00  1.81395e+00  1.58271e+00
 1.29554e+00  1.72153e+00  1.60949e+00
 1.34123e+00  1.91820e+00  1.51571e+00
 1.44424e+00  1.86820e+00  1.46929e+00
 1.27500e+00  2.00969e+00  1.45073e+00
 1.13466e+00  2.04886e+00  1.47650e+00
 1.06419e+00  1.99163e+00  1.42405e+00
 1.10241e+00  2.05451e+00  1.58360e+00
 1.11887e+00  2.15375e+00  1.44052e+00
 1.32384e+00  2.05845e+00  1.37510e+00
 2.06488e-01  2.92785e+00  2.44701e+00
 1.50653e-01  2.34359e-02  2.53309e+00
 1.39209e-01  2.92296e+00  2.36102e+00
 2.34977e-01  2.82288e+00  2.47023e+00
 3.32026e-01  8.47652e-02  2.41837e+00
 4.19163e-01  7.80582e-02  2.50769e+00
 3.42496e-01  1.71070e-01  2.32089e+00
 2.46651e-01  1.80464e-01  2.20841e+00
 2.45620e-01  9.07231e-02  2.14360e+00
 1.42328e-01  2.01715e-01  2.22957e+00
 2.82018e-01  2.61051e-01  2.14819e+00
 4.35413e-01  2.04974e-01  2.30489e+00
 2.68858e+00  1.69653e+00  2.28850e+00
 2.75405e+00  1.63250e+00  2.24473e+00
 2.65910e+00  1.78440e+00  2.22659e+00
 2.73177e+00  1.74865e+00  2.36636e+00
 2.56426e+00  1.61814e+00  2.32654e+00
 2.51415e+00  1.63363e+00  2.44355e+00
 2.52636e+00  1.51287e+00  2.25285e+00
 2.40043e+00  1.44030e+00  2.25991e+00
 2.39423e+00  1.34090e+00  2.29891e+00
 2.32419e+00  1.50976e+00  2.29683e+00
 2.37203e+00  1.42303e+00  2.15905e+00
 2.57440e+00  1.49272e+00  2.16303e+00
 1.26319e+00  2.86443e-01  2.08523e+00
 1.25475e+00  2.97855e-01  1.97671e+00
 1.18261e+00  3.31135e-01  2.12923e+00
 1.35790e+00  3.31586e-01  2.12279e+00
 1.27568e+00  1.40584e-01  2.13530e+00
 1.21319e+00  9.86126e-02  2.23036e+00
 1.36710e+00  6.45097e-02  2.08387e+00
 1.44372e+00  8.38078e-02  1.96532e+00
 1.39383e+00  8.32593e-02  1.86800e+00
 1.50942e+00  1.68893e-01  1.96879e+00
 1.50643e+00  2.92360e+00  1.97454e+00
 1.37181e+00  2.89956e+00  2.11989e+00
 1.75909e+00  2.16537e+00  1.05139e+00
 1.80603e+00  2.23456e+00  9.77915e-01
 1.78086e+00  2.06822e+00  1.00517e+00
 1.64887e+00  2.19534e+00  1.04393e+00
 1.83043e+00  2.19904e+00  1.18201e+00
 1.85695e+00  2.32215e+00  1.20905e+00
 1.88481e+00  2.10667e+00  1.26302e+00
 1.84426e+00  1.96915e+00  1.25810e+00
 1.84990e+00  1.93655e+00  1.15605e+00
 1.91910e+00  1.90883e+00  1.30817e+00
 1.74314e+00  1.94588e+00  1.29975e+00
 1.94876e+00  2.12966e+00  1.33740e+00
 1.10211e+00  1.93611e+00  2.79154e+00
 1.16299e+00  1.85511e+00  2.74931e+00
 9.95282e-01  1.89724e+00  2.78234e+00
 1.11293e+00  2.02002e+00  2.72546e+00
 1.14235e+00  1.97392e+00  6.74008e-03
 1.23505e+00  1.91984e+00  6.16325e-02
 1.07208e+00  2.07260e+00  7.16943e-02
 9.35325e-01  2.11811e+00  4.01984e-02
 8.68535e-01  2.03961e+00  7.53720e-02
 9.04017e-01  2.20112e+00  1.07944e-01
 9.20248e-01  2.14752e+00  2.86356e+00
 1.10288e+00  2.11222e+00  1.62166e-01
 2.76940e+00  1.54539e+00  7.21328e-01
 2.66509e+00  1.55647e+00  7.51292e-01
 2.77803e+00  1.54917e+00  6.16971e-01
 2.81312e+00  1.45189e+00  7.55243e-01
 2.84590e+00  1.66185e+00  7.87494e-01
 1.90370e-02  1.63457e+00  8.46921e-01
 2.80302e+00  1.78313e+00  7.64223e-01
 2.68704e+00  1.82002e+00  6.80955e-01
 2.60225e+00  1.76751e+00  7.14312e-01
 2.67292e+00  1.92353e+00  7.04879e-01
 2.69444e+00  1.80398e+00  5.72944e-01
 2.84298e+00  1.86122e+00  8.14248e-01
 2.51996e+00  5.94858e-01  1.54026e-01
 2.44312e+00  5.77278e-01  7.56662e-02
 2.46096e+00  6.22629e-01  2.36842e-01
 2.58575e+00  6.78788e-01  1.16958e-01
 2.59041e+00  4.66655e-01  1.96256e-01
 2.70032e+00  4.44623e-01  1.43780e-01
 2.51030e+00  3.66300e-01  2.42861e-01
 2.38136e+00  3.78899e-01  3.17485e-01
 2.29200e+00  3.50758e-01  2.59571e-01
 2.39799e+00  3.18100e-01  4.06658e-01
 2.36587e+00  4.84722e-01  3.43340e-01
 2.55107e+00  2.78177e-01  2.52985e-01
 1.87500e+00  1.88300e+00  3.63558e-01
 1.80645e+00  1.79705e+00  3.65642e-01
 1.95863e+00  1.87514e+00  4.32467e-01
 1.81051e+00  1.96449e+00  3.94922e-01
 1.91930e+00  1.92364e+00  2.24819e-01
 1.92032e+00  1.83229e+00  1.39751e-01
 1.95046e+00  2.05315e+00  1.95971e-01
 1.96338e+00  2.15723e+00  2.98559e-01
 2.03640e+00  2.13034e+00  3.72684e-01
 1.99119e+00  2.25385e+00  2.59221e-01
 1.86760e+00  2.16408e+00  3.50533e-01
 1.97955e+00  2.07385e+00  9.74798e-02
 1.36508e+00  2.28106e+00  1.00302e+00
 1.29366e+00  2.21578e+00  9.63422e-01
 1.32586e+00  2.38026e+00  9.81232e-01
 1.45385e+00  2.26777e+00  9.42360e-01
 1.39293e+00  2.25763e+00  1.15277e+00
 1.33732e+00  2.16704e+00  1.21046e+00
 1.48625e+00  2.33493e+00  1.20982e+00
 1.53777e+00  2.45788e+00  1.14203e+00
 1.61446e+00  2.50721e+00  1.19029e+00
 1.58241e+00  2.42772e+00  1.04809e+00
 1.45719e+00  2.53283e+00  1.12201e+00
 1.47444e+00  2.34439e+00  1.31179e+00
 1.01176e+00  2.25372e+00  5.78736e-01
 9.26131e-01  2.24682e+00  6.50627e-01
 1.01984e+00  2.35166e+00  5.26926e-01
 1.00201e+00  2.17268e+00  5.00407e-01
 1.14724e+00  2.24088e+00  6.49516e-01
 1.23232e+00  2.32841e+00  6.51557e-01
 1.17723e+00  2.12459e+00  7.03574e-01
 1.09632e+00  2.00648e+00  6.90349e-01
 1.11449e+00  1.95511e+00  5.98010e-01
 1.12044e+00  1.93030e+00  7.65379e-01
 9.89533e-01  2.01914e+00  6.97649e-01
 1.27277e+00  2.10785e+00  7.37958e-01
 1.69989e+00  1.08932e+00  2.79105e+00
 1.59916e+00  1.05711e+00  2.81653e+00
 1.69359e+00  1.12552e+00  2.68892e+00
 1.75613e+00  9.97487e-01  2.77701e+00
 1.76206e+00  1.19248e+00  2.87355e+00
 1.69421e+00  1.26636e+00  1.70298e-02
 1.89072e+00  1.22107e+00  2.85662e+00
 2.00036e+00  1.14794e+00  2.79163e+00
 2.08434e+00  1.20655e+00  2.81452e+00
 2.02303e+00  1.05544e+00  2.85845e+00
 1.98812e+00  1.12393e+00  2.67679e+00
 1.93344e+00  1.28901e+00  2.91903e+00
 5.93419e-01  2.79576e+00  1.55862e+00
 6.45027e-01  2.72243e+00  1.61779e+00
 6.55521e-01  2.86531e+00  1.50914e+00
 5.15645e-01  2.84859e+00  1.62090e+00
 5.04695e-01  2.72682e+00  1.45331e+00
 3.94017e-01  2.76678e+00  1.42789e+00
 5.50075e-01  2.62727e+00  1.38817e+00
 6.88145e-01  2.56890e+00  1.37962e+00
 7.66915e-01  2.63724e+00  1.37931e+00
 7.04741e-01  2.49571e+00  1.45940e+00
 6.96427e-01  2.51106e+00  1.28543e+00
 4.81088e-01  2.58846e+00  1.32376e+00
 9.57701e-01  2.43197e+00  1.01631e+00
 9.93523e-01  2.39069e+00  9.23099e-01
 8.48060e-01  2.44599e+00  1.02013e+00
 9.95022e-01  2.53322e+00  1.03984e+00
 9.95680e-01  2.34489e+00  1.13972e+00
 9.64453e-01  2.39134e+00  1.25291e+00
 9.91494e-01  2.21020e+00  1.12445e+00
 9.99935e-01  2.12902e+00  1.00389e+00
 9.69022e-01  2.02814e+00  1.02204e+00
 9.37548e-01  2.15818e+00  9.20042e-01
 1.10282e+00  2.13306e+00  9.63391e-01
 9.81096e-01  2.16444e+00  1.21125e+00
 1.70614e+00  2.47515e+00  2.77376e+00
 1.60790e+00  2.44688e+00  2.74556e+00
 1.77887e+00  2.39396e+00  2.76395e+00
 1.69718e+00  2.51369e+00  2.87715e+00
 1.75185e+00  2.57907e+00  2.66942e+00
 1.77458e+00  2.69027e+00  2.70737e+00
 1.78156e+00  2.55222e+00  2.54347e+00
 1.75076e+00  2.42411e+00  2.47764e+00
 1.71529e+00  2.43486e+00  2.37484e+00
 1.85144e+00  2.37811e+00  2.47542e+00
 1.68454e+00  2.36288e+00  2.53430e+00
 1.81454e+00  2.62593e+00  2.48426e+00
 4.54221e-02  5.34023e-01  5.89996e-01
 5.93319e-02  6.39384e-01  5.73325e-01
 5.78006e-03  5.04493e-01  6.90172e-01
 1.46795e-01  4.93606e-01  5.82922e-01
 2.87893e+00  4.82776e-01  4.93073e-01
 2.80970e+00  3.93870e-01  5.26048e-01
 2.87163e+00  5.26188e-01  3.67958e-01
 2.06015e-02  6.30292e-01  3.03968e-01
 2.89892e+00  7.26693e-01  3.31372e-01
 1.21469e-01  6.41350e-01  3.34772e-01
 2.62589e-02  6.34644e-01  1.93800e-01
 2.82239e+00  4.61948e-01  3.03997e-01
 2.10507e+00  9.33054e-01  2.89151e-01
 1.99860e+00  9.37567e-01  3.05590e-01
 2.15198e+00  1.02547e+00  3.27370e-01
 2.12901e+00  9.33921e-01  1.85248e-01
 2.17016e+00  8.04627e-01  3.55701e-01
 2.25114e+00  7.33190e-01  3.03435e-01
 2.14133e+00  7.77781e-01  4.82669e-01
 2.05094e+00  8.64089e-01  5.58345e-01
 1.94864e+00  8.75434e-01  5.24341e-01
 2.05096e+00  8.43066e-01  6.61044e-01
 2.09696e+00  9.62917e-01  5.54597e-01
 2.20132e+00  7.11314e-01  5.34696e-01
 2.70867e-01  7.63714e-01  1.60710e+00
 2.93053e-01  8.71018e-01  1.60342e+00
 3.67577e-01  7.12347e-01  1.57978e+00
 1.97077e-01  7.38528e-01  1.53703e+00
 2.13434e-01  7.23708e-01  1.73783e+00
 1.98877e-01  8.10910e-01  1.82313e+00
 1.81840e-01  5.98141e-01  1.76404e+00
 1.95611e-01  4.77942e-01  1.68593e+00
 9.66897e-02  4.45311e-01  1.63938e+00
 2.76223e-01  4.86052e-01  1.61287e+00
 2.22592e-01  3.86393e-01  1.74290e+00
 1.55727e-01  5.73819e-01  1.85714e+00
 2.47981e+00  1.33408e+00  1.15170e+00
 2.53142e+00  1.42675e+00  1.16631e+00
 2.37478e+00  1.34991e+00  1.17658e+00
 2.51863e+00  1.26146e+00  1.21594e+00
 2.49449e+00  1.29596e+00  1.00354e+00
 2.39441e+00  1.27352e+00  9.31802e-01
 2.61369e+00  1.29422e+00  9.45520e-01
 2.75016e+00  1.29886e+00  1.00249e+00
 2.76094e+00  1.22340e+00  1.07626e+00
 2.83332e+00  1.27560e+00  9.42067e-01
 2.77052e+00  1.39430e+00  1.06053e+00
 2.61109e+00  1.30268e+00  8.45866e-01
 1.86047e+00  2.80653e+00  8.54211e-01
 1.88407e+00  2.91991e+00  8.54080e-01
 1.90113e+00  2.75222e+00  9.35536e-01
 1.91773e+00  2.76539e+00  7.76421e-01
 1.71562e+00  2.77523e+00  8.46858e-01
 1.65176e+00  2.70133e+00  9.23201e-01
 1.65646e+00  2.80055e+00  7.23786e-01
 1.71269e+00  2.83095e+00  5.93481e-01
 1.81366e+00  2.86914e+00  6.05402e-01
 1.72135e+00  2.73296e+00  5.38638e-01
 1.64217e+00  2.88598e+00  5.33317e-01
 1.55596e+00  2.79597e+00  7.35594e-01
 2.21230e-01  9.27185e-01  2.44873e+00
 2.58960e-01  1.00692e+00  2.50869e+00
 2.68420e-01  8.40551e-01  2.49437e+00
 2.57821e-01  9.34188e-01  2.34463e+00
 7.23272e-02  9.24623e-01  2.46373e+00
 1.60383e-02  8.14387e-01  2.47405e+00
 2.92694e+00  1.03845e+00  2.47013e+00
 3.68394e-02  1.17814e+00  2.48044e+00
 1.08697e-01  1.20567e+00  2.40293e+00
 2.87799e+00  1.23920e+00  2.46935e+00
 8.43747e-02  1.20489e+00  2.57609e+00
 2.83055e+00  1.02224e+00  2.49093e+00
 1.20880e-01  2.15566e+00  2.64279e+00
 1.67842e-01  2.23667e+00  2.59030e+00
 1.78197e-02  2.15508e+00  2.62400e+00
 1.46323e-01  2.17868e+00  2.74806e+00
 1.83856e-01  2.01910e+00  2.60172e+00
 2.80677e-01  2.02138e+00  2.52218e+00
 1.46360e-01  1.90360e+00  2.66231e+00
 2.22370e-02  1.88203e+00  2.73739e+00
 2.85522e+00  1.89533e+00  2.68396e+00
 2.31541e-02  1.77946e+00  2.78060e+00
 3.01022e-02  1.94662e+00  2.82635e+00
 2.09549e-01  1.82571e+00  2.65509e+00
 6.82070e-01  2.83271e+00  2.76067e+00
 6.54667e-01  2.73955e+00  2.81969e+00
 6.28457e-01  2.83442e+00  2.66891e+00
 7.86074e-01  2.82812e+00  2.73299e+00
 6.54128e-01  3.43742e-02  2.84476e+00
 6.03968e-01  2.04881e-02  2.84842e-02
 7.11754e-01  1.48398e-01  2.81307e+00
 7.99233e-01  1.79296e-01  2.69933e+00
 8.60392e-01  1.00481e-01  2.69286e+00
 7.42152e-01  1.83094e-01  2.60287e+00
 8.54303e-01  2.71539e-01  2.71662e+00
 7.05965e-01  2.19609e-01  2.88189e+00
 2.16358e+00  3.31045e-01  6.17887e-01
 2.22796e+00  3.19052e-01  5.31682e-01
 2.08095e+00  4.05352e-01  6.01922e-01
 2.22169e+00  3.78338e-01  7.07443e-01
 2.12842e+00  1.84293e-01  6.60019e-01
 2.17125e+00  1.52665e-01  7.74891e-01
 2.05234e+00  1.10568e-01  5.77876e-01
 1.99508e+00  1.47316e-01  4.46544e-01
 1.88517e+00  1.23035e-01  4.43197e-01
 1.99908e+00  2.50334e-01  4.17064e-01
 2.03791e+00  9.10957e-02  3.64314e-01
 2.02219e+00  1.95794e-02  6.13579e-01
 1.77946e-01  2.02429e+00  3.61854e-01
 2.15595e-01  2.08078e+00  4.42097e-01
 2.32721e-01  1.93374e+00  3.65991e-01
 1.98657e-01  2.07320e+00  2.63228e-01
 3.00617e-02  1.98805e+00  3.90702e-01
 2.91458e+00  2.01897e+00  4.99636e-01
 2.87908e+00  1.92598e+00  3.03146e-01
 2.90075e+00  1.88557e+00  1.62825e-01
 2.83221e+00  1.80477e+00  1.25858e-01
 2.88663e+00  1.98075e+00  1.08010e-01
 6.55429e-02  1.84858e+00  1.25291e-01
 2.79198e+00  1.90174e+00  3.42908e-01
 1.31295e+00  1.30693e+00  2.92674e+00
 1.33587e+00  1.21489e+00  5.22008e-02
 1.37728e+00  1.32513e+00  2.84219e+00
 1.32102e+00  1.39197e+00  7.11463e-02
 1.16798e+00  1.30152e+00  2.87179e+00
 1.07250e+00  1.34148e+00  1.58377e-02
 1.14122e+00  1.21657e+00  2.76738e+00
 1.24000e+00  1.16025e+00  2.67819e+00
 1.31819e+00  1.08971e+00  2.71905e+00
 1.18836e+00  1.09594e+00  2.60722e+00
 1.30093e+00  1.23251e+00  2.61830e+00
 1.04537e+00  1.18449e+00  2.75814e+00
 2.14830e+00  2.49096e+00  8.69364e-01
 2.04213e+00  2.49324e+00  8.40035e-01
 2.17423e+00  2.39335e+00  9.10364e-01
 2.15691e+00  2.56272e+00  9.49449e-01
 2.22225e+00  2.51128e+00  7.38187e-01
 2.25490e+00  2.40760e+00  6.82557e-01
 2.28698e+00  2.62706e+00  7.09428e-01
 2.26610e+00  2.75400e+00  7.80810e-01
 2.16467e+00  2.78619e+00  7.64224e-01
 2.28240e+00  2.73577e+00  8.85219e-01
 2.34341e+00  2.82799e+00  7.46871e-01
 2.37502e+00  2.61472e+00  6.48796e-01
 2.74304e+00  2.14815e+00  1.37656e+00
 2.71990e+00  2.22770e+00  1.44355e+00
 2.77969e+00  2.06954e+00  1.43252e+00
 2.81558e+00  2.18617e+00  1.30413e+00
 2.62936e+00  2.07539e+00  1.30616e+00
 2.52599e+00  2.05453e+00  1.36336e+00
 2.66223e+00  1.99531e+00  1.20516e+00
 2.79452e+00  1.99570e+00  1.14511e+00
 2.80065e+00  1.90164e+00  1.09526e+00
 2.80434e+00  2.08084e+00  1.08257e+00
 2.87580e+00  1.99345e+00  1.21671e+00
 2.58893e+00  1.93942e+00  1.17139e+00
 1.78394e+00  7.21874e-01  2.13800e-01
 1.88782e+00  7.05579e-01  2.10140e-01
 1.75598e+00  7.43677e-01  1.13009e-01
 1.76104e+00  8.09279e-01  2.77711e-01
 1.71167e+00  6.00547e-01  2.57634e-01
 1.62987e+00  5.41488e-01  1.87608e-01
 1.74962e+00  5.45730e-01  3.72207e-01
 1.85393e+00  5.95811e-01  4.55709e-01
 1.85721e+00  5.27287e-01  5.34447e-01
 1.95041e+00  5.95901e-01  4.02227e-01
 1.84535e+00  6.89736e-01  5.05041e-01
 1.71595e+00  4.44889e-01  3.82961e-01
 2.16733e+00  1.62510e+00  2.81885e+00
 2.24841e+00  1.67533e+00  2.87162e+00
 2.17194e+00  1.66158e+00  2.71085e+00
 2.06665e+00  1.66068e+00  2.86200e+00
 2.17131e+00  1.47866e+00  2.83343e+00
 2.11458e+00  1.43101e+00  1.42103e-03
 2.25353e+00  1.40563e+00  2.75817e+00
 2.33408e+00  1.45852e+00  2.64571e+00
 2.41744e+00  1.51948e+00  2.67976e+00
 2.37725e+00  1.38603e+00  2.58135e+00
 2.27698e+00  1.50284e+00  2.56875e+00
 2.26738e+00  1.31048e+00  2.78743e+00
 2.53477e+00  1.74495e+00  1.93630e+00
 2.45478e+00  1.75964e+00  2.01015e+00
 2.62813e+00  1.79954e+00  1.96285e+00
 2.48716e+00  1.78435e+00  1.85154e+00
 2.55428e+00  1.59842e+00  1.90433e+00
 2.62713e+00  1.53790e+00  1.98671e+00
 2.44367e+00  1.54307e+00  1.84907e+00
 2.33061e+00  1.61240e+00  1.79271e+00
 2.34514e+00  1.67155e+00  1.70220e+00
 2.25145e+00  1.54166e+00  1.76195e+00
 2.28939e+00  1.68035e+00  1.86902e+00
 2.43224e+00  1.44542e+00  1.84607e+00
 9.54409e-01  2.83488e-01  1.38837e+00
 1.01155e+00  2.80761e-01  1.29226e+00
 9.98249e-01  3.51342e-01  1.46042e+00
 9.69516e-01  1.80350e-01  1.42062e+00
 8.07670e-01  3.20867e-01  1.38497e+00
 7.28373e-01  2.91582e-01  1.47656e+00
 7.49882e-01  3.75123e-01  1.28111e+00
 8.32253e-01  4.41572e-01  1.18198e+00
 7.55430e-01  5.05634e-01  1.13494e+00
 9.06106e-01  5.12094e-01  1.22192e+00
 8.68898e-01  3.72883e-01  1.10399e+00
 6.53188e-01  4.02482e-01  1.29929e+00
 5.50096e-01  4.75317e-01  2.00807e+00
 5.66721e-01  5.20962e-01  2.10236e+00
 6.36072e-01  5.00460e-01  1.95006e+00
 4.58083e-01  5.23284e-01  1.96532e+00
 5.33157e-01  3.29225e-01  2.03334e+00
 5.32954e-01  2.88634e-01  2.14968e+00
 5.24600e-01  2.43733e-01  1.93514e+00
 5.25301e-01  2.62760e-01  1.78939e+00
 4.18869e-01  2.89711e-01  1.75905e+00
 5.95614e-01  3.35535e-01  1.74926e+00
 5.55536e-01  1.66212e-01  1.74144e+00
 4.97195e-01  1.48880e-01  1.96746e+00
 1.30852e-01  4.53806e-01  1.37154e+00
 2.02140e-01  4.76400e-01  1.29870e+00
 1.29588e-01  5.32749e-01  1.44050e+00
 1.57619e-01  3.67066e-01  1.43166e+00
 2.92541e+00  4.36631e-01  1.29954e+00
 2.82802e+00  4.99593e-01  1.34272e+00
 2.92246e+00  3.48906e-01  1.19447e+00
 9.50302e-02  2.98011e-01  1.10686e+00
 1.82764e-01  3.66123e-01  1.08907e+00
 1.44602e-01  2.11578e-01  1.15763e+00
 5.77544e-02  2.47981e-01  1.01722e+00
 2.82482e+00  3.36925e-01  1.16461e+00
 1.03947e+00  6.90440e-01  1.50376e+00
 1.07567e+00  5.87411e-01  1.48608e+00
 1.08753e+00  7.42187e-01  1.42089e+00
 1.07903e+00  7.22479e-01  1.59679e+00
 8.85569e-01  6.95522e-01  1.49088e+00
 8.34260e-01  7.21219e-01  1.38316e+00
 8.14791e-01  6.44566e-01  1.59414e+00
 6.70114e-01  6.35300e-01  1.60276e+00
 6.13191e-01  5.89964e-01  1.51852e+00
 6.46517e-01  5.87933e-01  1.70094e+00
 6.32339e-01  7.33346e-01  1.61632e+00
 8.69730e-01  6.22286e-01  1.67443e+00
 2.44399e-01  1.45456e+00  2.66752e+00
 1.89852e-01  1.50298e+00  2.59270e+00
 3.31252e-01  1.41367e+00  2.61551e+00
 1.85583e-01  1.37124e+00  2.71348e+00
 2.85572e-01  1.56989e+00  2.76556e+00
 2.66067e-01  1.68487e+00  2.72451e+00
 3.28870e-01  1.54055e+00  2.88535e+00
 3.68643e-01  1.41160e+00  1.05652e-02
 4.69932e-01  1.41694e+00  5.19091e-02
 2.97523e-01  1.38140e+00  7.81591e-02
 3.58001e-01  1.33547e+00  2.86127e+00
 3.30933e-01  1.61949e+00  2.38536e-02
 6.08593e-01  1.96132e+00  2.83826e+00
 6.12959e-01  1.92930e+00  1.79434e-02
 5.42593e-01  1.90063e+00  2.77431e+00
 7.10422e-01  1.95297e+00  2.80450e+00
 5.35903e-01  2.09275e+00  2.85168e+00
 6.01062e-01  2.19500e+00  2.83123e+00
 4.09290e-01  2.09861e+00  2.90251e+00
 3.25369e-01  1.98350e+00  1.05401e-02
 3.32166e-01  1.95350e+00  1.14882e-01
 2.17657e-01  2.00176e+00  1.26696e-03
 3.49005e-01  1.89186e+00  2.87963e+00
 3.71383e-01  2.18592e+00  2.92439e+00
 1.38470e+00  2.56487e+00  2.37038e+00
 1.39383e+00  2.56618e+00  2.48345e+00
 1.30499e+00  2.49824e+00  2.35391e+00
 1.46969e+00  2.51250e+00  2.32336e+00
 1.35707e+00  2.70177e+00  2.31784e+00
 1.40261e+00  2.72552e+00  2.20746e+00
 1.26538e+00  2.78332e+00  2.36939e+00
 1.17537e+00  2.76546e+00  2.48831e+00
 1.11286e+00  2.66880e+00  2.48958e+00
 1.24619e+00  2.75199e+00  2.57572e+00
 1.10998e+00  2.85163e+00  2.48548e+00
 1.24831e+00  2.86734e+00  2.31215e+00
 4.82171e-01  7.21950e-01  2.92126e+00
 4.17538e-01  7.29422e-01  8.13238e-02
 5.80386e-01  7.38344e-01  3.63465e-02
 4.66531e-01  7.97837e-01  2.83756e+00
 4.80174e-01  5.80298e-01  2.86535e+00
 5.83221e-01  5.25484e-01  2.82913e+00
 3.65712e-01  5.09112e-01  2.87009e+00
 2.42587e-01  5.49144e-01  2.48135e-03
 1.91874e-01  6.25372e-01  2.86537e+00
 1.78399e-01  4.72017e-01  1.08786e-02
 2.45773e-01  5.92744e-01  1.01978e-01
 3.69376e-01  4.10495e-01  2.85496e+00
 6.00002e-01  1.23167e+00  1.48494e+00
 5.24367e-01  1.24588e+00  1.41710e+00
 5.73611e-01  1.26103e+00  1.58582e+00
 6.89906e-01  1.29071e+00  1.46825e+00
 6.34706e-01  1.07950e+00  1.48279e+00
 6.50135e-01  1.02189e+00  1.59180e+00
 6.93423e-01  1.03310e+00  1.37381e+00
 7.08668e-01  1.10719e+00  1.24903e+00
 6.08073e-01  1.13916e+00  1.21322e+00
 7.64467e-01  1.19836e+00  1.25725e+00
 7.60148e-01  1.04175e+00  1.17877e+00
 7.31530e-01  9.40497e-01  1.38124e+00
 1.32810e+00  1.10308e+00  1.63346e+00
 1.42856e+00  1.14127e+00  1.61230e+00
 1.24861e+00  1.15373e+00  1.57920e+00
 1.29809e+00  1.11866e+00  1.74082e+00
 1.29966e+00  9.58004e-01  1.60755e+00
 1.25505e+00  8.78107e-01  1.69380e+00
 1.30353e+00  9.14919e-01  1.48694e+00
 1.35543e+00  9.80899e-01  1.37243e+00
 1.27972e+00  9.78567e-01  1.29034e+00
 1.38598e+00  1.08739e+00  1.38360e+00
 1.44356e+00  9.34820e-01  1.34055e+00
 1.25774e+00  8.25984e-01  1.47359e+00
 5.56539e-01  2.70305e+00  6.23136e-01
 4.81699e-01  2.74179e+00  6.89041e-01
 6.34821e-01  2.77592e+00  6.02931e-01
 5.13092e-01  2.66403e+00  5.25828e-01
 6.13852e-01  2.57641e+00  6.96018e-01
 5.86572e-01  2.54689e+00  8.12987e-01
 6.74050e-01  2.48664e+00  6.19374e-01
 7.29322e-01  2.51675e+00  4.86714e-01
 8.01101e-01  2.43346e+00  4.57431e-01
 6.48252e-01  2.52481e+00  4.15546e-01
 7.93494e-01  2.60683e+00  4.91497e-01
 6.93943e-01  2.39640e+00  6.63996e-01
 1.23033e+00  2.37501e+00  2.54891e-01
 1.28294e+00  2.33394e+00  3.40937e-01
 1.14215e+00  2.31566e+00  2.40625e-01
 1.29922e+00  2.37856e+00  1.70113e-01
 1.18560e+00  2.51500e+00  2.92589e-01
 1.06500e+00  2.53239e+00  3.14127e-01
 1.27272e+00  2.60706e+00  3.26517e-01
 1.41297e+00  2.59898e+00  2.84663e-01
 1.45608e+00  2.69886e+00  2.76829e-01
 1.47260e+00  2.53509e+00  3.51211e-01
 1.42354e+00  2.56941e+00  1.79618e-01
 1.23352e+00  2.68737e+00  3.71786e-01
 1.64792e+00  2.19410e+00  6.45725e-02
 1.57656e+00  2.16166e+00  2.92525e+00
 1.71078e+00  2.25075e+00  8.51073e-03
 1.70063e+00  2.10529e+00  9.38150e-02
 1.60475e+00  2.26716e+00  1.96243e-01
 1.67407e+00  2.35774e+00  2.44348e-01
 1.50494e+00  2.21202e+00  2.67301e-01
 1.43983e+00  2.08361e+00  2.38831e-01
 1.35761e+00  2.06105e+00  3.10282e-01
 1.40542e+00  2.09170e+00  1.36395e-01
 1.51088e+00  1.99692e+00  2.37586e-01
 1.48350e+00  2.24863e+00  3.57125e-01
 7.48766e-01  1.78751e+00  2.43559e+00
 7.36270e-01  1.76671e+00  2.32717e+00
 8.18466e-01  1.71073e+00  2.47784e+00
 6.48590e-01  1.77939e+00  2.47709e+00
 8.04601e-01  1.92413e+00  2.46662e+00
 9.20413e-01  1.93434e+00  2.51214e+00
 7.22437e-01  2.02775e+00  2.47514e+00
 5.80375e-01  2.01785e+00  2.46515e+00
 5.42178e-01  2.00960e+00  2.36373e+00
 5.27262e-01  1.95283e+00  2.52753e+00
 5.40234e-01  2.11252e+00  2.50355e+00
 7.58126e-01  2.12156e+00  2.50138e+00
 4.54034e-02  1.00285e+00  1.30629e+00
 3.34658e-02  1.02503e+00  1.19718e+00
 4.60893e-02  8.93821e-01  1.31285e+00
 2.89127e+00  1.05178e+00  1.35094e+00
 1.69099e-01  1.06765e+00  1.37898e+00
 2.68244e-01  1.09513e+00  1.31087e+00
 1.58278e-01  1.09227e+00  1.50714e+00
 2.63202e-01  1.16028e+00  1.58362e+00
 3.61660e-01  1.11137e+00  1.57199e+00
 2.67882e-01  1.26968e+00  1.55070e+00
 2.51680e-01  1.15260e+00  1.68963e+00
 6.61562e-02  1.07452e+00  1.54916e+00
 2.45448e+00  1.25397e-01  2.48311e+00
 2.54100e+00  1.90319e-01  2.49562e+00
 2.35850e+00  1.77032e-01  2.47260e+00
 2.43925e+00  4.90532e-02  2.56407e+00
 2.45984e+00  7.37206e-02  2.33716e+00
 2.50886e+00  2.89327e+00  2.31794e+00
 2.42833e+00  1.50414e-01  2.23314e+00
 2.39855e+00  2.90285e-01  2.22536e+00
 2.45877e+00  3.37157e-01  2.30065e+00
 2.42115e+00  3.40954e-01  2.13096e+00
 2.29405e+00  2.97609e-01  2.25501e+00
 2.44229e+00  9.58100e-02  2.14627e+00
 1.71507e+00  2.14693e+00  6.62798e-01
 1.79176e+00  2.21533e+00  7.04974e-01
 1.73601e+00  2.05539e+00  7.13661e-01
 1.75467e+00  2.14196e+00  5.57654e-01
 1.57030e+00  2.18815e+00  6.75697e-01
 1.48655e+00  2.11011e+00  7.19299e-01
 1.52798e+00  2.30474e+00  6.34143e-01
 1.61487e+00  2.41163e+00  5.91594e-01
 1.56024e+00  2.50009e+00  5.97872e-01
 1.70560e+00  2.40664e+00  6.52004e-01
 1.63984e+00  2.39446e+00  4.84471e-01
 1.43282e+00  2.31974e+00  6.50579e-01
 1.69846e+00  2.36272e-01  8.55738e-02
 1.64270e+00  1.72174e-01  2.17789e-02
 1.64108e+00  2.47141e-01  1.80193e-01
 1.69198e+00  3.30001e-01  4.54681e-02
 1.84115e+00  1.93149e-01  1.09706e-01
 1.93161e+00  2.76749e-01  1.05881e-01
 1.85963e+00  6.23461e-02  1.31629e-01
 1.76380e+00  2.87619e+00  1.32572e-01
 1.75248e+00  2.83851e+00  3.19289e-02
 1.81128e+00  2.78528e+00  1.83451e-01
 1.66796e+00  2.89635e+00  1.68722e-01
 1.95933e+00  4.50510e-02  1.52000e-01
 2.15499e+00  8.03392e-01  2.73960e+00
 2.22881e+00  7.33485e-01  2.69400e+00
 2.14173e+00  8.91617e-01  2.67040e+00
 2.18983e+00  8.31105e-01  2.83534e+00
 2.02226e+00  7.27242e-01  2.74353e+00
 1.94160e+00  7.41240e-01  2.64835e+00
 2.00669e+00  6.27466e-01  2.83859e+00
 2.09836e+00  5.97360e-01  2.45004e-02
 2.20272e+00  6.03518e-01  2.91911e+00
 2.09114e+00  6.85608e-01  9.27576e-02
 2.07716e+00  5.04013e-01  7.74922e-02
 1.92493e+00  5.69722e-01  2.83107e+00
 1.32520e+00  2.09780e-01  2.78341e+00
 1.41794e+00  1.83846e-01  2.83348e+00
 1.31981e+00  1.41882e-01  2.69500e+00
 1.33890e+00  3.08094e-01  2.74231e+00
 1.19923e+00  2.01446e-01  2.86844e+00
 1.09928e+00  1.52050e-01  2.81675e+00
 1.19816e+00  2.47409e-01  6.63356e-02
 1.30789e+00  3.15532e-01  1.31778e-01
 1.38204e+00  3.60943e-01  6.53723e-02
 1.27114e+00  3.87303e-01  2.05965e-01
 1.36007e+00  2.53012e-01  2.04499e-01
 1.10468e+00  2.54360e-01  1.06497e-01
 2.30776e+00  1.27747e+00  1.77365e+00
 2.33729e+00  1.35087e+00  1.69140e+00
 2.25239e+00  1.19893e+00  1.73083e+00
 2.26754e+00  1.32717e+00  1.85870e+00
 2.43266e+00  1.21034e+00  1.82782e+00
 2.46799e+00  1.24546e+00  1.94066e+00
 2.51312e+00  1.14056e+00  1.74074e+00
 2.48448e+00  1.10467e+00  1.60362e+00
 2.41538e+00  1.17104e+00  1.55368e+00
 2.57296e+00  1.09650e+00  1.54425e+00
 2.43648e+00  1.00797e+00  1.60670e+00
 2.60199e+00  1.11064e+00  1.77957e+00
 9.70935e-01  8.27746e-02  3.81437e-01
 1.01690e+00  1.48147e-01  4.61892e-01
 9.63652e-01  1.52758e-01  3.06077e-01
 8.67426e-01  6.20145e-02  4.14736e-01
 1.05549e+00  2.89151e+00  3.35428e-01
 1.16538e+00  2.86987e+00  3.81051e-01
 9.95007e-01  2.79717e+00  2.61965e-01
 8.65368e-01  2.83084e+00  1.93507e-01
 7.91976e-01  2.82132e+00  2.73095e-01
 8.55724e-01  1.66205e-03  1.60895e-01
 8.35837e-01  2.75391e+00  1.17847e-01
 1.02705e+00  2.70380e+00  2.72365e-01
 1.91101e+00  1.34256e+00  1.89546e+00
 1.87555e+00  1.31610e+00  1.79392e+00
 1.99314e+00  1.27036e+00  1.90999e+00
 1.82357e+00  1.32004e+00  1.95312e+00
 1.96372e+00  1.48708e+00  1.89496e+00
 1.95573e+00  1.55197e+00  1.79207e+00
 2.01815e+00  1.53998e+00  2.00730e+00
 2.02270e+00  1.48064e+00  2.14460e+00
 2.10972e+00  1.51161e+00  2.19547e+00
 1.92522e+00  1.50388e+00  2.19210e+00
 2.02791e+00  1.37410e+00  2.14914e+00
 2.05243e+00  1.63776e+00  1.99897e+00
 1.73241e+00  1.49835e-01  2.21681e+00
 1.63966e+00  1.90214e-01  2.18191e+00
 1.81314e+00  2.08530e-01  2.17737e+00
 1.74784e+00  4.39154e-02  2.19318e+00
 1.70887e+00  1.75312e-01  2.36476e+00
 1.75876e+00  2.76279e-01  2.41299e+00
 1.65189e+00  8.46769e-02  2.44298e+00
 1.65253e+00  2.86597e+00  2.42407e+00
 1.55081e+00  2.83563e+00  2.46415e+00
 1.65339e+00  2.82993e+00  2.32074e+00
 1.71391e+00  2.81061e+00  2.49796e+00
 1.65525e+00  1.10310e-01  2.54017e+00
 6.88018e-01  5.06733e-02  2.32066e+00
 6.54444e-01  2.90283e+00  2.39706e+00
 6.34884e-01  1.38612e-01  2.36039e+00
 6.64177e-01  1.84022e-02  2.21431e+00
 8.41909e-01  6.89548e-02  2.34557e+00
 8.92003e-01  8.36860e-03  2.44080e+00
 9.17076e-01  1.25082e-01  2.25405e+00
 8.77561e-01  1.99628e-01  2.14293e+00
 9.67621e-01  2.48404e-01  2.10330e+00
 8.31760e-01  1.35627e-01  2.07092e+00
 8.12909e-01  2.68769e-01  2.18870e+00
 1.01624e+00  1.15485e-01  2.27882e+00
 1.38382e+00  2.76336e+00  2.86040e+00
 1.33926e+00  2.79551e+00  2.57950e-02
 1.48319e+00  2.73458e+00  2.89584e+00
 1.39647e+00  2.83440e+00  2.77874e+00
 1.31178e+00  2.63571e+00  2.81360e+00
 1.38283e+00  2.55098e+00  2.75872e+00
 1.17895e+00  2.63653e+00  2.80986e+00
 1.09353e+00  2.72432e+00  2.88393e+00
 1.01576e+00  2.67028e+00  1.98615e-02
 1.14608e+00  2.79563e+00  2.77117e-02
 1.03542e+00  2.77191e+00  2.80752e+00
 1.13171e+00  2.55643e+00  2.76728e+00
 1.29230e+00  2.63413e+00  8.67292e-01
 1.29123e+00  2.72067e+00  9.32648e-01
 1.20197e+00  2.56718e+00  8.93077e-01
 1.39356e+00  2.58170e+00  8.86993e-01
 1.28339e+00  2.70343e+00  7.27798e-01
 1.38131e+00  2.73509e+00  6.67005e-01
 1.15903e+00  2.73510e+00  6.87696e-01
 1.03118e+00  2.70648e+00  7.45175e-01
 9.82879e-01  2.61182e+00  7.15374e-01
 1.03346e+00  2.72916e+00  8.48996e-01
 9.68106e-01  2.78503e+00  7.14719e-01
 1.15364e+00  2.77942e+00  5.97634e-01
 1.01875e+00  2.54315e+00  2.19454e+00
 1.09316e+00  2.53524e+00  2.27039e+00
 9.75193e-01  2.64322e+00  2.20633e+00
 9.37237e-01  2.47411e+00  2.19533e+00
 1.08594e+00  2.50583e+00  2.06132e+00
 1.10656e+00  2.38803e+00  2.03069e+00
 1.10288e+00  2.59647e+00  1.96773e+00
 1.08633e+00  2.74292e+00  1.98580e+00
 1.14437e+00  2.80887e+00  1.92420e+00
 9.86482e-01  2.77606e+00  1.97058e+00
 1.11666e+00  2.77178e+00  2.08074e+00
 1.13250e+00  2.56174e+00  1.87722e+00
 2.60954e+00  8.61008e-01  1.32469e+00
 2.66414e+00  9.39528e-01  1.37525e+00
 2.53327e+00  8.18952e-01  1.38770e+00
 2.68994e+00  7.85269e-01  1.31208e+00
 2.56069e+00  9.24003e-01  1.19449e+00
 2.64735e+00  9.53711e-01  1.11477e+00
 2.44254e+00  9.79853e-01  1.19130e+00
 2.33187e+00  9.47199e-01  1.27332e+00
 2.23569e+00  9.94893e-01  1.25042e+00
 2.31504e+00  8.42311e-01  1.27455e+00
 2.35430e+00  9.62929e-01  1.37736e+00
 2.42285e+00  1.06386e+00  1.13624e+00
 1.64338e+00  2.02209e+00  2.66565e+00
 1.73241e+00  1.96618e+00  2.69325e+00
 1.66655e+00  2.12181e+00  2.68794e+00
 1.56030e+00  1.99757e+00  2.72403e+00
 1.62252e+00  2.02721e+00  2.51199e+00
 1.70421e+00  2.10014e+00  2.44878e+00
 1.53704e+00  1.95006e+00  2.44929e+00
 1.43131e+00  1.87435e+00  2.51260e+00
 1.40456e+00  1.91809e+00  2.60934e+00
 1.34444e+00  1.89217e+00  2.45228e+00
 1.46286e+00  1.76477e+00  2.52256e+00
 1.55165e+00  1.95516e+00  2.34243e+00
 2.49600e+00  2.37385e+00  1.04205e+00
 2.54071e+00  2.32864e+00  9.55253e-01
 2.46379e+00  2.30025e+00  1.11381e+00
 2.40321e+00  2.43370e+00  1.01611e+00
 2.58941e+00  2.46421e+00  1.12097e+00
 2.61279e+00  2.43188e+00  1.23403e+00
 2.65915e+00  2.55711e+00  1.04877e+00
 2.61102e+00  2.61136e+00  9.24070e-01
 2.66183e+00  2.56074e+00  8.34862e-01
 2.50347e+00  2.60715e+00  9.25967e-01
 2.61842e+00  2.72154e+00  9.26269e-01
 2.73895e+00  2.60582e+00  1.08877e+00
 4.76030e-01  1.62959e+00  4.06324e-01
 4.52518e-01  1.63079e+00  5.12396e-01
 5.27768e-01  1.54079e+00  3.79079e-01
 5.51384e-01  1.71066e+00  3.95071e-01
 3.62877e-01  1.65868e+00  3.06709e-01
 3.89707e-01  1.69574e+00  1.87926e-01
 2.38914e-01  1.65193e+00  3.50327e-01
 1.95900e-01  1.64812e+00  4.91453e-01
 1.84752e-01  1.55171e+00  5.31496e-01
 9.27736e-02  1.69434e+00  5.09583e-01
 2.61728e-01  1.70170e+00  5.65356e-01
 1.66535e-01  1.65502e+00  2.76044e-01
 2.34301e-01  2.17584e-01  7.40276e-01
 1.42001e-01  2.49227e-01  6.87624e-01
 2.10334e-01  2.17935e-01  8.45353e-01
 3.07940e-01  2.88541e-01  7.04928e-01
 2.69873e-01  7.98268e-02  6.91755e-01
 3.57603e-01  6.62564e-02  6.01684e-01
 2.04147e-01  2.90275e+00  7.40543e-01
 8.73278e-02  2.91078e+00  8.22352e-01
 8.36490e-03  5.16839e-02  7.85345e-01
 3.10402e-02  2.81538e+00  8.25999e-01
 1.06977e-01  6.21256e-03  9.22810e-01
 2.46475e-01  2.81198e+00  7.10039e-01
 2.68810e-01  2.53421e+00  2.50344e+00
 3.04946e-01  2.43285e+00  2.47891e+00
 2.15199e-01  2.56482e+00  2.41234e+00
 3.61032e-01  2.59828e+00  2.51829e+00
 1.76412e-01  2.53175e+00  2.62175e+00
 6.01462e-02  2.57741e+00  2.61378e+00
 2.21221e-01  2.48181e+00  2.73890e+00
 3.48695e-01  2.41250e+00  2.75157e+00
 3.45128e-01  2.34117e+00  2.83733e+00
 3.74971e-01  2.35336e+00  2.66431e+00
 4.29103e-01  2.48540e+00  2.78668e+00
 1.59887e-01  2.48043e+00  2.82061e+00
 2.97919e-01  2.37016e+00  6.73125e-01
 3.99422e-01  2.33825e+00  6.48319e-01
 3.00243e-01  2.38754e+00  7.82402e-01
 2.36561e-01  2.28010e+00  6.57279e-01
 2.46001e-01  2.49011e+00  5.95518e-01
 2.88051e-01  2.60212e+00  6.26131e-01
 1.57767e-01  2.47114e+00  5.00477e-01
 1.11522e-01  2.34325e+00  4.58125e-01
 8.08899e-02  2.26704e+00  5.23426e-01
 3.29146e-02  2.34877e+00  3.85691e-01
 1.95405e-01  2.30121e+00  4.01180e-01
 1.29718e-01  2.55543e+00  4.41837e-01
 2.45323e+00  1.01721e+00  1.00666e-01
 2.41961e+00  9.58638e-01  1.84452e-01
 2.46678e+00  9.41327e-01  2.73429e-02
 2.54967e+00  1.05591e+00  1.28356e-01
 2.37122e+00  1.12914e+00  3.96327e-02
 2.31061e+00  1.10308e+00  2.86440e+00
 2.34090e+00  1.24592e+00  1.09373e-01
 2.38040e+00  1.28058e+00  2.40692e-01
 2.38001e+00  1.19528e+00  2.98742e-01
 2.48441e+00  1.32702e+00  2.33229e-01
 2.31954e+00  1.34037e+00  3.00821e-01
 2.29464e+00  1.32260e+00  5.35453e-02
 1.70244e-01  2.10504e+00  9.68120e-01
 2.31384e-01  2.02267e+00  1.01221e+00
 2.19327e-01  2.19592e+00  9.51648e-01
 9.25241e-02  2.11348e+00  1.03661e+00
 9.95240e-02  2.06065e+00  8.48845e-01
 2.90552e+00  2.04752e+00  8.47063e-01
 1.71276e-01  2.02809e+00  7.36831e-01
 3.15781e-01  2.00581e+00  7.38988e-01
 3.42931e-01  1.93146e+00  8.15983e-01
 3.49740e-01  1.96157e+00  6.44923e-01
 3.67066e-01  2.09537e+00  7.48588e-01
 1.10515e-01  2.00895e+00  6.53945e-01
 9.65569e-01  2.22759e+00  1.84293e+00
 9.25931e-01  2.32835e+00  1.87093e+00
 1.05615e+00  2.19483e+00  1.89296e+00
 9.99437e-01  2.22541e+00  1.74414e+00
 8.43077e-01  2.13148e+00  1.85630e+00
 8.03706e-01  2.06095e+00  1.76538e+00
 7.95995e-01  2.10665e+00  1.98025e+00
 8.36031e-01  2.16819e+00  2.10744e+00
 9.12132e-01  2.10552e+00  2.15261e+00
 8.72950e-01  2.26568e+00  2.09209e+00
 7.46146e-01  2.18069e+00  2.16855e+00
 7.22882e-01  2.03878e+00  1.98343e+00
 1.34518e+00  4.48305e-01  2.46992e+00
 1.42038e+00  5.24665e-01  2.44753e+00
 1.33364e+00  4.46357e-01  2.57907e+00
 1.36142e+00  3.45487e-01  2.43128e+00
 1.21929e+00  4.99543e-01  2.40140e+00
 1.23205e+00  5.77752e-01  2.31112e+00
 1.09717e+00  4.46687e-01  2.43003e+00
 1.08910e+00  3.27447e-01  2.51870e+00
 1.15091e+00  2.45868e-01  2.47410e+00
 1.12229e+00  3.44619e-01  2.62097e+00
 9.81074e-01  2.99175e-01  2.51651e+00
 1.01185e+00  4.68228e-01  2.36986e+00
 2.64971e+00  1.27568e+00  2.79180e+00
 2.60229e+00  1.21426e+00  2.86460e+00
 2.59596e+00  1.25333e+00  2.70271e+00
 2.75699e+00  1.24106e+00  2.79838e+00
 2.64899e+00  1.42059e+00  2.83187e+00
 2.56830e+00  1.45746e+00  2.91791e+00
 2.68279e+00  1.50620e+00  2.73406e+00
 2.74331e+00  1.47313e+00  2.60708e+00
 2.78452e+00  1.56624e+00  2.56086e+00
 2.82646e+00  1.40753e+00  2.62857e+00
 2.67577e+00  1.42520e+00  2.53556e+00
 2.62283e+00  1.59262e+00  2.73490e+00
 7.85745e-01  1.39255e+00  2.03495e+00
 8.41544e-01  1.29807e+00  2.03647e+00
 6.80924e-01  1.36518e+00  2.02559e+00
 8.23963e-01  1.45893e+00  1.95221e+00
 8.06963e-01  1.46283e+00  2.16602e+00
 8.64346e-01  1.56937e+00  2.16349e+00
 7.48093e-01  1.42083e+00  2.28354e+00
 6.80828e-01  1.29431e+00  2.30523e+00
 7.56782e-01  1.21600e+00  2.31088e+00
 6.24475e-01  1.29465e+00  2.39814e+00
 6.09585e-01  1.27294e+00  2.22296e+00
 7.48189e-01  1.49278e+00  2.35768e+00
 2.31787e+00  2.29107e+00  1.43274e+00
 2.34258e+00  2.37650e+00  1.49588e+00
 2.33125e+00  2.20692e+00  1.49839e+00
 2.38828e+00  2.28010e+00  1.34726e+00
 2.16919e+00  2.29572e+00  1.39256e+00
 2.09899e+00  2.19300e+00  1.41353e+00
 2.13640e+00  2.36262e+00  1.28656e+00
 2.20303e+00  2.48806e+00  1.25190e+00
 2.26925e+00  2.47571e+00  1.17025e+00
 2.12326e+00  2.56473e+00  1.23217e+00
 2.26354e+00  2.53355e+00  1.33212e+00
 2.03891e+00  2.34572e+00  1.24632e+00
 1.45735e+00  8.78454e-01  2.36285e+00
 1.47918e+00  8.90087e-01  2.25183e+00
 1.53945e+00  8.19873e-01  2.41392e+00
 1.36915e+00  8.09008e-01  2.38911e+00
 1.46742e+00  1.01973e+00  2.42705e+00
 1.54292e+00  1.04352e+00  2.51727e+00
 1.38083e+00  1.11262e+00  2.37959e+00
 1.27788e+00  1.09456e+00  2.28207e+00
 1.21686e+00  1.00548e+00  2.30533e+00
 1.22485e+00  1.18604e+00  2.27872e+00
 1.31439e+00  1.06626e+00  2.18556e+00
 1.38876e+00  1.20437e+00  2.42687e+00
 2.08250e+00  6.92683e-01  2.30152e+00
 1.98716e+00  7.01641e-01  2.35987e+00
 2.10894e+00  7.90817e-01  2.27366e+00
 2.06589e+00  6.43765e-01  2.20762e+00
 2.20303e+00  6.31307e-01  2.37407e+00
 2.31094e+00  6.95440e-01  2.36762e+00
 2.18965e+00  5.30676e-01  2.46392e+00
 2.08241e+00  4.35582e-01  2.47793e+00
 2.12154e+00  3.43436e-01  2.52701e+00
 2.00310e+00  4.82960e-01  2.53551e+00
 2.04569e+00  3.97478e-01  2.38680e+00
 2.26294e+00  5.17866e-01  2.53110e+00
 2.06698e+00  1.54064e+00  3.30333e-01
 2.13674e+00  1.46899e+00  2.86095e-01
 2.02572e+00  1.59463e+00  2.48697e-01
 2.12012e+00  1.60835e+00  3.96601e-01
 1.95500e+00  1.48440e+00  4.20245e-01
 1.91512e+00  1.55676e+00  5.12020e-01
 1.88541e+00  1.37637e+00  3.84081e-01
 1.91325e+00  1.28274e+00  2.77835e-01
 1.82248e+00  1.25254e+00  2.29788e-01
 1.98656e+00  1.31533e+00  1.95394e-01
 1.96191e+00  1.19730e+00  3.21829e-01
 1.81185e+00  1.34246e+00  4.45788e-01
 1.02502e+00  5.49211e-01  1.75505e-01
 1.11209e+00  5.44101e-01  1.08717e-01
 1.03714e+00  6.49218e-01  2.28227e-01
 1.04428e+00  4.68691e-01  2.43056e-01
 8.94278e-01  5.37489e-01  1.05499e-01
 7.94783e-01  5.20077e-01  1.75656e-01
 8.79921e-01  5.60284e-01  2.90036e+00
 9.83956e-01  5.79119e-01  2.80753e+00
 9.40055e-01  5.65273e-01  2.70561e+00
 1.03224e+00  6.80719e-01  2.81741e+00
 1.05562e+00  5.09994e-01  2.82043e+00
 7.93822e-01  5.56961e-01  2.86104e+00
 1.46121e-01  2.18197e+00  1.55895e+00
 1.89659e-01  2.08859e+00  1.58712e+00
 1.33585e-01  2.24883e+00  1.64782e+00
 4.51399e-02  2.15108e+00  1.52594e+00
 2.19418e-01  2.23995e+00  1.43978e+00
 1.68835e-01  2.22140e+00  1.32742e+00
 3.25374e-01  2.31287e+00  1.46023e+00
 3.86112e-01  2.34620e+00  1.58783e+00
 3.92111e-01  2.45323e+00  1.59334e+00
 3.26696e-01  2.31217e+00  1.67499e+00
 4.83959e-01  2.29570e+00  1.59344e+00
 3.75402e-01  2.35176e+00  1.37939e+00
 2.50994e+00  2.50189e+00  2.72151e+00
 2.48269e+00  2.60972e+00  2.72754e+00
 2.48667e+00  2.45235e+00  2.81530e+00
 2.61302e+00  2.50135e+00  2.70405e+00
 2.44339e+00  2.42848e+00  2.61357e+00
 2.50518e+00  2.33926e+00  2.55846e+00
 2.31519e+00  2.45979e+00  2.58427e+00
 2.22295e+00  2.54533e+00  2.65766e+00
 2.12453e+00  2.56388e+00  2.61252e+00
 2.21952e+00  2.51180e+00  2.76436e+00
 2.27839e+00  2.63529e+00  2.65258e+00
 2.28085e+00  2.41316e+00  2.50268e+00
 3.03279e-01  3.44127e-01  3.70249e-01
 2.89095e-01  2.72789e-01  2.88048e-01
 2.88137e-01  2.79090e-01  4.57946e-01
 2.21989e-01  4.16961e-01  3.72243e-01
 4.30944e-01  4.19013e-01  3.69485e-01
 4.64158e-01  4.82287e-01  4.74612e-01
 5.29030e-01  3.80915e-01  2.88283e-01
 5.25086e-01  3.03073e-01  1.66119e-01
 6.19007e-01  3.23147e-01  1.21723e-01
 5.29082e-01  1.92488e-01  1.95874e-01
 4.39520e-01  3.16183e-01  1.02136e-01
 6.15580e-01  4.31120e-01  2.98000e-01
 2.92582e+00  1.74194e+00  1.94173e+00
 2.82082e+00  1.75603e+00  1.93358e+00
 2.33883e-02  1.64556e+00  1.98786e+00
 1.67293e-02  1.82687e+00  2.00280e+00
 4.72357e-02  1.74370e+00  1.80009e+00
 1.24310e-01  1.65151e+00  1.76433e+00
 3.33829e-02  1.85259e+00  1.72649e+00
 2.91951e+00  1.97649e+00  1.78022e+00
 2.87746e+00  2.03596e+00  1.69904e+00
 2.83719e+00  1.97660e+00  1.85343e+00
 6.60634e-02  2.04124e+00  1.81436e+00
 5.33684e-02  1.84765e+00  1.62633e+00
 4.23997e-01  2.71274e+00  2.10326e+00
 5.11963e-01  2.67716e+00  2.15136e+00
 3.70686e-01  2.76973e+00  2.17961e+00
 3.75354e-01  2.62148e+00  2.06649e+00
 4.51442e-01  2.81575e+00  1.98824e+00
 4.20576e-01  5.09237e-03  1.99511e+00
 5.54722e-01  2.77644e+00  1.91192e+00
 6.29668e-01  2.65408e+00  1.91181e+00
 5.68389e-01  2.56917e+00  1.88893e+00
 7.04189e-01  2.67154e+00  1.84009e+00
 6.74139e-01  2.62840e+00  2.00941e+00
 5.95190e-01  2.85692e+00  1.85068e+00
 2.09963e+00  6.07609e-01  1.89728e+00
 2.11896e+00  6.72441e-01  1.98079e+00
 2.19352e+00  6.00115e-01  1.83772e+00
 2.02053e+00  6.47982e-01  1.83220e+00
 2.06416e+00  4.64858e-01  1.94901e+00
 2.01203e+00  4.54817e-01  2.05763e+00
 2.08402e+00  3.59249e-01  1.87591e+00
 2.12750e+00  3.65656e-01  1.73881e+00
 2.06260e+00  4.36741e-01  1.67992e+00
 2.23128e+00  4.07967e-01  1.73853e+00
 2.13177e+00  2.66366e-01  1.69093e+00
 2.05696e+00  2.68156e-01  1.92465e+00
 1.59035e+00  2.21697e+00  2.05812e+00
 1.64853e+00  2.29528e+00  2.02681e+00
 1.61429e+00  2.18251e+00  2.15793e+00
 1.61619e+00  2.13699e+00  1.98907e+00
 1.43820e+00  2.25252e+00  2.06445e+00
 1.39863e+00  2.30456e+00  2.16585e+00
 1.36001e+00  2.24233e+00  1.95568e+00
 1.39661e+00  2.19338e+00  1.82134e+00
 1.32934e+00  2.20640e+00  1.74311e+00
 1.47868e+00  2.24991e+00  1.78309e+00
 1.43721e+00  2.09457e+00  1.84036e+00
 1.26065e+00  2.27487e+00  1.96113e+00
 7.12952e-01  5.64495e-01  2.55188e+00
 8.03269e-01  6.30118e-01  2.55922e+00
 6.32005e-01  6.33875e-01  2.57960e+00
 7.27847e-01  4.85164e-01  2.63187e+00
 7.13176e-01  4.96366e-01  2.41632e+00
 8.10137e-01  4.96687e-01  2.34314e+00
 6.04858e-01  4.25471e-01  2.39062e+00
 4.87975e-01  4.14066e-01  2.47554e+00
 3.98504e-01  3.88387e-01  2.41157e+00
 5.04005e-01  3.45239e-01  2.56154e+00
 4.51863e-01  5.09742e-01  2.52144e+00
 5.98451e-01  3.64294e-01  2.30521e+00
 1.45427e+00  1.43460e+00  1.94820e+00
 1.55473e+00  1.39401e+00  1.92138e+00
 1.41607e+00  1.48916e+00  1.86009e+00
 1.47661e+00  1.49831e+00  2.02859e+00
 1.36313e+00  1.31766e+00  1.98329e+00
 1.40829e+00  1.20610e+00  1.98283e+00
 1.23274e+00  1.34250e+00  2.00917e+00
 1.16477e+00  1.47421e+00  1.99161e+00
 1.18046e+00  1.51670e+00  1.89038e+00
 1.05999e+00  1.45744e+00  1.98804e+00
 1.19447e+00  1.55063e+00  2.06302e+00
 1.17966e+00  1.25651e+00  2.03825e+00
 2.00502e+00  1.72469e+00  9.26025e-01
 1.94440e+00  1.75454e+00  8.49084e-01
 2.07170e+00  1.80676e+00  9.60811e-01
 2.06224e+00  1.63499e+00  8.97637e-01
 1.92326e+00  1.67795e+00  1.04479e+00
 1.80223e+00  1.67108e+00  1.02529e+00
 1.97969e+00  1.64239e+00  1.16546e+00
 2.11533e+00  1.64841e+00  1.20483e+00
 2.11252e+00  1.72454e+00  1.28423e+00
 2.14119e+00  1.55035e+00  1.24584e+00
 2.18341e+00  1.69366e+00  1.13148e+00
 1.91057e+00  1.62692e+00  1.24501e+00
 1.07317e+00  2.26194e+00  2.47767e+00
 9.77422e-01  2.30318e+00  2.43639e+00
 1.13849e+00  2.25032e+00  2.39302e+00
 1.05361e+00  2.15424e+00  2.50091e+00
 1.12288e+00  2.35014e+00  2.59075e+00
 1.06767e+00  2.44952e+00  2.63512e+00
 1.24300e+00  2.31193e+00  2.64600e+00
 1.33604e+00  2.22206e+00  2.58081e+00
 1.39757e+00  2.26943e+00  2.50520e+00
 1.40002e+00  2.17940e+00  2.66118e+00
 1.28762e+00  2.13791e+00  2.53325e+00
 1.27947e+00  2.37007e+00  2.72351e+00
 1.83477e+00  8.17383e-02  1.87059e+00
 1.72323e+00  8.72632e-02  1.85931e+00
 1.86694e+00  1.27231e-02  1.95034e+00
 1.87366e+00  1.81977e-01  1.89559e+00
 1.88979e+00  5.78732e-02  1.73303e+00
 1.92380e+00  2.87337e+00  1.70334e+00
 1.86674e+00  1.58826e-01  1.64921e+00
 1.78279e+00  2.79712e-01  1.67013e+00
 1.74295e+00  2.94777e-01  1.57096e+00
 1.68867e+00  2.69864e-01  1.72840e+00
 1.85125e+00  3.62873e-01  1.70277e+00
 1.87301e+00  1.34568e-01  1.55380e+00
 1.60585e-01  1.35197e-01  6.13369e-02
 1.31492e-01  2.30950e-01  1.00524e-01
 6.91660e-02  7.60457e-02  4.23239e-02
 2.37683e-01  8.83044e-02  1.32549e-01
 2.32509e-01  1.43202e-01  2.85925e+00
 2.50763e-01  2.55440e-01  2.81561e+00
 2.47847e-01  2.98772e-02  2.78595e+00
 2.09704e-01  2.81948e+00  2.81431e+00
 2.47123e-01  2.75028e+00  2.73965e+00
 2.58536e-01  2.79435e+00  2.90188e+00
 1.01465e-01  2.81619e+00  2.83492e+00
 2.54142e-01  3.75080e-02  2.68188e+00
 2.18752e-02  2.08896e+00  2.30740e+00
 1.20371e-01  2.05538e+00  2.27817e+00
 3.70404e-02  2.18055e+00  2.37161e+00
 2.90765e+00  2.00772e+00  2.36157e+00
 2.86250e+00  2.11276e+00  2.17951e+00
 2.75921e+00  2.04549e+00  2.15586e+00
 2.89359e+00  2.21053e+00  2.09877e+00
 7.72431e-02  2.29263e+00  2.11207e+00
 1.67334e-01  2.23527e+00  2.13424e+00
 8.64247e-02  2.35493e+00  2.02151e+00
 6.09579e-02  2.35404e+00  2.20570e+00
 2.83183e+00  2.24364e+00  2.02694e+00
 2.16263e+00  2.10250e+00  2.79377e+00
 2.18935e+00  1.99904e+00  2.77309e+00
 2.23469e+00  2.16158e+00  2.74823e+00
 2.17144e+00  2.12307e+00  2.89968e+00
 2.01783e+00  2.12419e+00  2.74162e+00
 1.93072e+00  2.12168e+00  2.82419e+00
 1.99595e+00  2.16510e+00  2.61666e+00
 2.09646e+00  2.18881e+00  2.51065e+00
 2.12814e+00  2.29241e+00  2.50550e+00
 2.18696e+00  2.13749e+00  2.53054e+00
 2.05048e+00  2.15112e+00  2.42281e+00
 1.90072e+00  2.15126e+00  2.58387e+00
 1.36574e+00  2.75808e+00  1.35219e+00
 1.41301e+00  2.78838e+00  1.25767e+00
 1.43306e+00  2.68941e+00  1.39824e+00
 1.26077e+00  2.70662e+00  1.34142e+00
 1.35617e+00  2.89604e+00  1.41390e+00
 1.27801e+00  6.18302e-02  1.38243e+00
 1.42934e+00  2.91761e+00  1.52702e+00
 1.52684e+00  2.83891e+00  1.60074e+00
 1.59812e+00  2.80474e+00  1.52824e+00
 1.56836e+00  2.89615e+00  1.68206e+00
 1.49026e+00  2.74733e+00  1.64988e+00
 1.41502e+00  7.95646e-02  1.57020e+00
 6.63461e-01  2.04304e+00  8.99214e-01
 5.61393e-01  2.01406e+00  9.41435e-01
 6.84421e-01  1.99796e+00  7.96033e-01
 7.47933e-01  2.02162e+00  9.71619e-01
 6.51872e-01  2.19289e+00  8.55437e-01
 6.70986e-01  2.23119e+00  7.42366e-01
 6.26681e-01  2.28149e+00  9.50831e-01
 5.95073e-01  2.25274e+00  1.08887e+00
 6.21706e-01  2.33140e+00  1.15993e+00
 4.86519e-01  2.24530e+00  1.10721e+00
 6.43514e-01  2.16116e+00  1.12508e+00
 6.33854e-01  2.38086e+00  9.25670e-01
 6.53945e-01  2.23567e-01  5.94155e-01
 6.05743e-01  1.43074e-01  5.36722e-01
 5.85662e-01  3.11062e-01  5.89832e-01
 7.41025e-01  2.51915e-01  5.35057e-01
 6.78701e-01  1.86345e-01  7.35727e-01
 6.76763e-01  6.74501e-02  7.60606e-01
 6.90190e-01  2.82111e-01  8.30996e-01
 6.93705e-01  4.23808e-01  8.03294e-01
 6.02733e-01  4.59664e-01  7.47450e-01
 7.09030e-01  4.88449e-01  8.95901e-01
 7.71943e-01  4.43276e-01  7.30634e-01
 7.07758e-01  2.50793e-01  9.28074e-01
 2.62084e+00  8.61147e-01  4.18331e-01
 2.66029e+00  8.60918e-01  3.12606e-01
 2.70189e+00  8.24695e-01  4.78682e-01
 2.54410e+00  7.83939e-01  4.22033e-01
 2.56838e+00  9.90990e-01  4.59474e-01
 2.44700e+00  1.01772e+00  4.56673e-01
 2.64452e+00  1.08104e+00  5.23029e-01
 2.78716e+00  1.07281e+00  5.43751e-01
 2.83117e+00  1.17555e+00  5.51308e-01
 2.80452e+00  1.02277e+00  6.42038e-01
 2.83414e+00  1.01514e+00  4.60506e-01
 2.59642e+00  1.16693e+00  5.36922e-01
 2.76280e-01  1.02255e+00  2.76599e+00
 2.49051e-01  1.10894e+00  2.69840e+00
 3.77965e-01  9.88202e-01  2.74493e+00
 2.02410e-01  9.46239e-01  2.73323e+00
 2.54806e-01  1.06341e+00  2.90989e+00
 1.45453e-01  1.07184e+00  3.36449e-02
 3.58585e-01  1.10658e+00  5.18488e-02
 5.04691e-01  1.10786e+00  1.83913e-02
 5.33281e-01  1.00790e+00  2.91551e+00
 5.26590e-01  1.17318e+00  2.85944e+00
 5.66369e-01  1.14189e+00  1.00444e-01
 3.28507e-01  1.13116e+00  1.46302e-01
 1.04932e+00  8.58048e-01  1.16806e+00
 9.59114e-01  7.87448e-01  1.15363e+00
 1.13718e+00  7.88788e-01  1.17212e+00
 1.04627e+00  9.24249e-01  1.26002e+00
 1.08548e+00  9.50827e-01  1.04902e+00
 1.08996e+00  1.07514e+00  1.06470e+00
 1.10240e+00  8.89251e-01  9.26736e-01
 1.11318e+00  7.44487e-01  8.94625e-01
 1.05012e+00  6.67509e-01  9.55663e-01
 1.06869e+00  7.30550e-01  7.93163e-01
 1.21413e+00  7.13734e-01  8.92542e-01
 1.12502e+00  9.48882e-01  8.45632e-01
 2.11928e+00  1.43115e+00  1.49343e+00
 2.21016e+00  1.48509e+00  1.48608e+00
 2.03509e+00  1.48701e+00  1.46495e+00
 2.11548e+00  1.39813e+00  1.59763e+00
 2.13135e+00  1.30154e+00  1.41120e+00
 2.24415e+00  1.26806e+00  1.37050e+00
 2.01872e+00  1.22665e+00  1.38980e+00
 1.88646e+00  1.25076e+00  1.45937e+00
 1.80857e+00  1.22442e+00  1.38694e+00
 1.87793e+00  1.18826e+00  1.54859e+00
 1.87433e+00  1.35499e+00  1.48452e+00
 2.02968e+00  1.13778e+00  1.34314e+00
 9.98339e-01  6.25602e-01  2.05853e+00
 1.05608e+00  6.58963e-01  2.15048e+00
 9.05039e-01  6.79081e-01  2.04188e+00
 9.71750e-01  5.19338e-01  2.07917e+00
 1.07033e+00  6.42328e-01  1.92850e+00
 1.03911e+00  5.76308e-01  1.82622e+00
 1.16582e+00  7.36887e-01  1.92669e+00
 1.20678e+00  8.24198e-01  2.04000e+00
 1.27387e+00  7.65623e-01  2.10883e+00
 1.26303e+00  9.02981e-01  2.00402e+00
 1.12214e+00  8.55610e-01  2.10675e+00
 1.21009e+00  7.46766e-01  1.83867e+00
 1.94596e+00  7.03035e-01  1.08325e+00
 1.94021e+00  7.67331e-01  1.17714e+00
 2.05167e+00  7.07278e-01  1.05721e+00
 1.87979e+00  7.51427e-01  1.01756e+00
 1.90436e+00  5.58044e-01  1.09746e+00
 1.88825e+00  5.12815e-01  1.21408e+00
 1.89579e+00  4.78623e-01  9.88076e-01
 1.93581e+00  4.99248e-01  8.55208e-01
 1.99666e+00  4.11911e-01  8.15087e-01
 1.84772e+00  4.94873e-01  7.98619e-01
 1.98197e+00  5.96376e-01  8.38496e-01
 1.88728e+00  3.80492e-01  1.00420e+00
 2.10122e+00  2.40265e+00  1.72667e+00
 2.20680e+00  2.39834e+00  1.74143e+00
 2.04528e+00  2.32801e+00  1.79500e+00
 2.06962e+00  2.38944e+00  1.62838e+00
 2.05784e+00  2.54229e+00  1.77068e+00
 2.01025e+00  2.56340e+00  1.88076e+00
 2.09465e+00  2.65068e+00  1.69667e+00
 2.19340e+00  2.63988e+00  1.58845e+00
 2.22406e+00  2.74150e+00  1.54895e+00
 2.28076e+00  2.58296e+00  1.62191e+00
 2.14819e+00  2.58996e+00  1.49956e+00
 2.04339e+00  2.74491e+00  1.69440e+00
 2.75972e+00  2.74613e+00  3.29276e-01
 2.71468e+00  2.82799e+00  2.78177e-01
 2.74222e+00  2.66076e+00  2.64206e-01
 2.69764e+00  2.74544e+00  4.19044e-01
 2.91218e+00  2.76752e+00  3.54435e-01
 5.88249e-02  2.67205e+00  3.28637e-01
 3.42899e-02  2.87649e+00  4.00071e-01
 2.88851e+00  7.53214e-02  4.21651e-01
 2.92400e+00  1.23633e-01  5.12997e-01
 2.89957e+00  1.52548e-01  3.48289e-01
 2.78585e+00  5.87198e-02  4.41046e-01
 1.35898e-01  2.87845e+00  4.27375e-01
 2.23616e+00  3.02476e-01  1.16491e+00
 2.23716e+00  4.14995e-01  1.17754e+00
 2.33163e+00  2.75376e-01  1.20647e+00
 2.21832e+00  2.71177e-01  1.06007e+00
 2.11997e+00  2.44695e-01  1.24830e+00
 2.09536e+00  2.99080e-01  1.35853e+00
 2.06760e+00  1.25288e-01  1.21136e+00
 2.09723e+00  3.95918e-02  1.09458e+00
 2.08430e+00  2.85728e+00  1.12217e+00
 2.02391e+00  6.43846e-02  1.02110e+00
 2.20534e+00  5.78127e-02  1.06790e+00
 2.00649e+00  9.48015e-02  1.28390e+00
 4.45206e-01  7.23844e-01  1.21738e+00
 5.31089e-01  7.76334e-01  1.16938e+00
 3.59684e-01  7.77884e-01  1.18540e+00
 4.41400e-01  7.27945e-01  1.32708e+00
 4.59217e-01  5.75468e-01  1.18607e+00
 4.76833e-01  4.96711e-01  1.27454e+00
 4.54245e-01  5.36360e-01  1.05482e+00
 4.04687e-01  6.15970e-01  9.44143e-01
 4.52042e-01  5.88271e-01  8.50990e-01
 2.96115e-01  6.05399e-01  9.34114e-01
 4.16936e-01  7.21793e-01  9.65568e-01
 4.71820e-01  4.35573e-01  1.03212e+00
 1.85180e+00  9.91085e-01  1.80162e+00
 1.90852e+00  1.02127e+00  1.88828e+00
 1.82928e+00  8.81825e-01  1.81363e+00
 1.91264e+00  1.00897e+00  1.71076e+00
 1.71291e+00  1.06424e+00  1.80155e+00
 1.68779e+00  1.14909e+00  1.71714e+00
 1.63494e+00  1.05255e+00  1.91749e+00
 1.64631e+00  9.49738e-01  2.01798e+00
 1.72699e+00  9.66376e-01  2.09129e+00
 1.55019e+00  9.52910e-01  2.07123e+00
 1.68109e+00  8.56294e-01  1.97916e+00
 1.54690e+00  1.11225e+00  1.91859e+00
 1.48577e+00  1.68595e+00  4.00834e-01
 1.54909e+00  1.62603e+00  3.35038e-01
 1.42721e+00  1.75695e+00  3.35242e-01
 1.55612e+00  1.74124e+00  4.60231e-01
 1.38065e+00  1.61179e+00  4.81281e-01
 1.35833e+00  1.49372e+00  4.59673e-01
 1.33435e+00  1.66678e+00  5.95783e-01
 1.36192e+00  1.79712e+00  6.47335e-01
 1.31031e+00  1.81219e+00  7.42558e-01
 1.46616e+00  1.81235e+00  6.69003e-01
 1.31432e+00  1.86889e+00  5.80242e-01
 1.28373e+00  1.59986e+00  6.57014e-01
 1.71307e+00  2.57464e-01  6.77936e-01
 1.66062e+00  2.95935e-01  7.68105e-01
 1.73420e+00  1.53123e-01  7.04339e-01
 1.80114e+00  3.07889e-01  6.68215e-01
 1.62465e+00  2.51874e-01  5.56440e-01
 1.66375e+00  2.69359e-01  4.40983e-01
 1.50758e+00  1.95810e-01  5.82623e-01
 1.39908e+00  1.71071e-01  4.83536e-01
 1.35488e+00  2.67995e-01  4.80268e-01
 1.43910e+00  1.30884e-01  3.88116e-01
 1.33095e+00  9.46326e-02  5.20965e-01
 1.48600e+00  1.78371e-01  6.81439e-01
 2.80839e+00  2.29533e+00  2.90519e+00
 2.73544e+00  2.37499e+00  1.23645e-03
 2.82642e+00  2.30829e+00  2.79876e+00
 2.77772e+00  2.19517e+00  2.91786e+00
 4.45545e-03  2.30943e+00  5.57852e-02
 7.26471e-02  2.21044e+00  8.38797e-02
 6.26337e-02  2.43061e+00  5.81152e-02
 2.92399e+00  2.55346e+00  3.43708e-02
 2.84998e+00  2.57043e+00  1.07771e-01
 6.62317e-02  2.62787e+00  1.77377e-02
 2.86222e+00  2.55997e+00  2.87393e+00
 1.45135e-01  2.43706e+00  1.22763e-01
 2.49060e+00  1.67726e+00  1.95685e-01
 2.42507e+00  1.70429e+00  1.12518e-01
 2.58944e+00  1.65961e+00  1.61272e-01
 2.45151e+00  1.59132e+00  2.51488e-01
 2.49867e+00  1.78252e+00  3.00433e-01
 2.60860e+00  1.80520e+00  3.53019e-01
 2.39812e+00  1.87528e+00  3.06636e-01
 2.27504e+00  1.89881e+00  2.29446e-01
 2.22248e+00  1.98382e+00  2.79610e-01
 2.30838e+00  1.92056e+00  1.27098e-01
 2.20878e+00  1.81739e+00  2.06069e-01
 2.40264e+00  1.94310e+00  3.86837e-01
 5.25840e-01  5.10771e-02  1.12151e+00
 5.23470e-01  3.35637e-02  1.01433e+00
 6.28008e-01  5.38950e-02  1.17126e+00
 4.45088e-01  2.92468e+00  1.16723e+00
 4.80332e-01  1.87440e-01  1.14237e+00
 5.16454e-01  2.66645e-01  1.04890e+00
 4.49640e-01  2.32953e-01  1.26361e+00
 4.40718e-01  1.54107e-01  1.37976e+00
 3.99696e-01  2.18450e-01  1.46020e+00
 3.72220e-01  7.30009e-02  1.37390e+00
 5.43058e-01  1.21292e-01  1.41208e+00
 4.26537e-01  3.33046e-01  1.28173e+00
 2.70503e+00  2.80411e+00  2.69867e+00
 2.75186e+00  2.70679e+00  2.71965e+00
 2.60775e+00  2.80531e+00  2.65004e+00
 2.76243e+00  2.86496e+00  2.62894e+00
 2.69441e+00  2.88242e+00  2.83315e+00
 2.65385e+00  2.82183e+00  1.54768e-03
 2.72432e+00  8.65496e-02  2.84274e+00
 2.72641e+00  1.51270e-01  4.49524e-02
 2.81653e+00  2.20255e-01  4.52896e-02
 2.63759e+00  2.19824e-01  5.47919e-02
 2.71168e+00  9.64377e-02  1.35668e-01
 2.75428e+00  1.35037e-01  2.75708e+00
 1.48495e+00  2.55735e+00  1.93044e+00
 1.43782e+00  2.47139e+00  1.88016e+00
 1.47490e+00  2.54400e+00  2.03542e+00
 1.42774e+00  2.64368e+00  1.89445e+00
 1.62861e+00  2.57739e+00  1.88082e+00
 1.65947e+00  2.52503e+00  1.77088e+00
 1.72701e+00  2.62822e+00  1.95896e+00
 1.71740e+00  2.67420e+00  2.09176e+00
 1.80233e+00  2.72544e+00  2.13576e+00
 1.63749e+00  2.74808e+00  2.08724e+00
 1.68824e+00  2.59539e+00  2.15819e+00
 1.81974e+00  2.61491e+00  1.92296e+00
 8.93430e-01  1.69437e+00  9.24188e-01
 7.99555e-01  1.74544e+00  9.40157e-01
 8.86158e-01  1.60096e+00  9.76482e-01
 9.77717e-01  1.75781e+00  9.49827e-01
 9.24090e-01  1.66856e+00  7.79047e-01
 1.03749e+00  1.68787e+00  7.36192e-01
 8.46247e-01  1.59878e+00  6.97005e-01
 7.00523e-01  1.57875e+00  7.12013e-01
 6.72635e-01  1.48067e+00  6.66658e-01
 6.80560e-01  1.57291e+00  8.19467e-01
 6.27537e-01  1.66193e+00  6.85993e-01
 8.81323e-01  1.55499e+00  6.12808e-01
 1.30243e+00  1.42392e+00  1.43189e+00
 1.35864e+00  1.33976e+00  1.47038e+00
 1.30117e+00  1.43151e+00  1.32308e+00
 1.34933e+00  1.51085e+00  1.46676e+00
 1.17159e+00  1.41054e+00  1.50491e+00
 1.13634e+00  1.48843e+00  1.59487e+00
 1.06870e+00  1.34698e+00  1.44281e+00
 1.07314e+00  1.24472e+00  1.33420e+00
 1.06127e+00  1.15071e+00  1.38171e+00
 9.94971e-01  1.26453e+00  1.26877e+00
 1.16583e+00  1.23593e+00  1.27062e+00
 9.84182e-01  1.33843e+00  1.49379e+00
 2.07275e+00  2.17498e-02  2.41479e+00
 2.09907e+00  2.91597e+00  2.31381e+00
 2.00352e+00  1.09762e-01  2.40243e+00
 2.16243e+00  5.48225e-02  2.45397e+00
 1.99915e+00  2.83643e+00  2.48744e+00
 1.97877e+00  2.73142e+00  2.42705e+00
 1.95471e+00  2.85939e+00  2.60717e+00
 1.95140e+00  6.70535e-02  2.67235e+00
 2.02684e+00  8.93076e-02  2.74498e+00
 1.94117e+00  1.56382e-01  2.60897e+00
 1.85757e+00  6.49221e-02  2.72205e+00
 1.90212e+00  2.78051e+00  2.64609e+00
 4.85358e-01  8.75560e-01  3.21055e-01
 4.87401e-01  9.11238e-01  2.19207e-01
 5.60637e-01  9.21437e-01  3.78310e-01
 5.08922e-01  7.73587e-01  3.06431e-01
 3.52105e-01  8.83371e-01  3.86647e-01
 2.53496e-01  9.15792e-01  3.20515e-01
 3.45671e-01  8.88719e-01  5.19523e-01
 4.65320e-01  8.62511e-01  6.00041e-01
 5.36890e-01  7.91052e-01  5.68621e-01
 5.13825e-01  9.58580e-01  6.19413e-01
 4.45336e-01  8.25355e-01  6.95596e-01
 2.56006e-01  8.76876e-01  5.57977e-01
 1.26083e+00  7.31079e-02  1.00568e+00
 1.34453e+00  6.91971e-03  9.83143e-01
 1.27694e+00  1.14095e-01  1.10602e+00
 1.17230e+00  1.32841e-02  1.00150e+00
 1.25872e+00  1.83781e-01  9.09211e-01
 1.35363e+00  2.15285e-01  8.37590e-01
 1.14332e+00  2.44534e-01  8.85674e-01
 1.11539e+00  3.37437e-01  7.75899e-01
 1.10073e+00  4.34117e-01  8.08502e-01
 1.19705e+00  3.40781e-01  7.06268e-01
 1.02999e+00  2.89862e-01  7.27303e-01
 1.06181e+00  2.04143e-01  9.35018e-01
 1.67553e+00  1.17039e+00  7.37310e-01
 1.66321e+00  1.07465e+00  6.91320e-01
 1.66843e+00  1.16025e+00  8.47244e-01
 1.58520e+00  1.21768e+00  6.99479e-01
 1.79390e+00  1.25497e+00  6.82165e-01
 1.88359e+00  1.19804e+00  6.19762e-01
 1.77717e+00  1.38971e+00  6.76296e-01
 1.66810e+00  1.46305e+00  7.45683e-01
 1.58462e+00  1.46381e+00  6.73476e-01
 1.63194e+00  1.41441e+00  8.34143e-01
 1.69273e+00  1.55807e+00  7.91106e-01
 1.85377e+00  1.44712e+00  6.40620e-01
 9.40506e-01  9.28963e-01  2.36256e+00
 8.58938e-01  8.73814e-01  2.31064e+00
 9.48991e-01  1.03179e+00  2.33639e+00
 1.03248e+00  8.81232e-01  2.32853e+00
 9.21046e-01  8.99797e-01  2.51213e+00
 1.01906e+00  9.19437e-01  2.58143e+00
 7.97665e-01  9.05355e-01  2.56080e+00
 6.83501e-01  9.56999e-01  2.48274e+00
 7.13610e-01  1.01943e+00  2.39573e+00
 6.22641e-01  8.70824e-01  2.45879e+00
 6.09147e-01  1.00149e+00  2.54823e+00
 7.77387e-01  9.07828e-01  2.65612e+00
 2.67034e+00  3.92375e-01  9.35028e-01
 2.57553e+00  4.35993e-01  9.10700e-01
 2.73220e+00  4.68022e-01  9.88587e-01
 2.71611e+00  3.76200e-01  8.36703e-01
 2.64536e+00  2.53900e-01  1.00267e+00
 2.69418e+00  2.29982e-01  1.11747e+00
 2.57325e+00  1.63716e-01  9.39885e-01
 2.50656e+00  1.71502e-01  8.12390e-01
 2.44143e+00  2.56057e-01  8.21592e-01
 2.57635e+00  1.93001e-01  7.36722e-01
 2.45287e+00  8.22267e-02  8.04246e-01
 2.56405e+00  7.19719e-02  9.84358e-01
 7.32108e-01  1.53670e+00  1.28037e+00
 7.89081e-01  1.49542e+00  1.19693e+00
 7.82105e-01  1.49651e+00  1.36507e+00
 6.30228e-01  1.48924e+00  1.28876e+00
 7.39018e-01  1.68842e+00  1.28187e+00
 6.35124e-01  1.75272e+00  1.28578e+00
 8.60956e-01  1.73983e+00  1.30999e+00
 9.88312e-01  1.66919e+00  1.31330e+00
 1.01275e+00  1.63511e+00  1.21240e+00
 1.06608e+00  1.73663e+00  1.35144e+00
 9.79347e-01  1.58847e+00  1.37764e+00
 8.59791e-01  1.83802e+00  1.33086e+00
 1.27122e+00  1.78830e+00  1.13534e+00
 1.18953e+00  1.82278e+00  1.07058e+00
 1.22019e+00  1.71325e+00  1.20492e+00
 1.31371e+00  1.86915e+00  1.19968e+00
 1.36272e+00  1.71833e+00  1.03994e+00
 1.32352e+00  1.61024e+00  9.90434e-01
 1.45728e+00  1.78344e+00  9.75244e-01
 1.46474e+00  1.92982e+00  9.77455e-01
 1.47161e+00  1.96633e+00  1.08061e+00
 1.54867e+00  1.97562e+00  9.24494e-01
 1.37036e+00  1.97093e+00  9.33759e-01
 1.50041e+00  1.72681e+00  9.03764e-01
 1.57082e+00  1.76392e+00  2.90508e+00
 1.49668e+00  1.80539e+00  2.83230e+00
 1.54124e+00  1.80256e+00  7.27009e-02
 1.67116e+00  1.79309e+00  2.88395e+00
 1.55839e+00  1.61087e+00  2.89713e+00
 1.45237e+00  1.56164e+00  2.85324e+00
 1.65648e+00  1.53339e+00  1.45256e-02
 1.77134e+00  1.57672e+00  9.05225e-02
 1.86311e+00  1.59711e+00  4.42468e-02
 1.74930e+00  1.66232e+00  1.57703e-01
 1.79360e+00  1.49668e+00  1.62195e-01
 1.63204e+00  1.43447e+00  1.31095e-02
 2.36246e+00  6.92062e-01  9.13106e-01
 2.45650e+00  7.25381e-01  9.50849e-01
 2.28484e+00  7.28727e-01  9.82122e-01
 2.37116e+00  5.84120e-01  9.16983e-01
 2.34125e+00  7.45304e-01  7.79405e-01
 2.29023e+00  6.64995e-01  6.98288e-01
 2.36172e+00  8.76528e-01  7.49277e-01
 2.42994e+00  9.74621e-01  8.33497e-01
 2.49437e+00  9.24020e-01  9.04099e-01
 2.48195e+00  1.04463e+00  7.64133e-01
 2.35847e+00  1.02547e+00  8.92786e-01
 2.32718e+00  9.15973e-01  6.61382e-01
 1.23571e+00  4.90192e-01  1.14085e+00
 1.23484e+00  5.10134e-01  1.03650e+00
 1.23070e+00  3.88665e-01  1.15967e+00
 1.14089e+00  5.27796e-01  1.17918e+00
 1.35576e+00  5.49894e-01  1.21742e+00
 1.33238e+00  6.22096e-01  1.31294e+00
 1.47872e+00  5.39385e-01  1.16382e+00
 1.51039e+00  4.69511e-01  1.03878e+00
 1.45337e+00  3.75725e-01  1.01740e+00
 1.49075e+00  5.20051e-01  9.51742e-01
 1.61696e+00  4.48109e-01  1.02734e+00
 1.53820e+00  6.09867e-01  1.20755e+00
 8.60164e-01  9.54434e-01  1.44978e-01
 7.65199e-01  9.77633e-01  1.79992e-01
 8.95843e-01  8.76392e-01  2.12622e-01
 9.23750e-01  1.03449e+00  1.67487e-01
 8.76210e-01  9.36152e-01  2.92293e+00
 7.80290e-01  9.42934e-01  2.84972e+00
 1.00263e+00  9.37678e-01  2.87041e+00
 1.12615e+00  9.53586e-01  1.72401e-02
 1.12478e+00  1.02786e+00  9.75476e-02
 1.14098e+00  8.56495e-01  7.18235e-02
 1.20708e+00  9.60169e-01  2.87399e+00
 1.00733e+00  9.39941e-01  2.76319e+00
