0 0.00050117153
13.33777 0.0035450629
26.675539 0.0045521213
40.013309 0.0051909028
53.351078 0.0053345582
66.688848 0.0055990308
80.026618 0.0057541212
93.364387 0.0058069009
106.70216 0.0057177564
120.03993 0.0051896737
133.3777 0.0050083898
146.71547 0.0047819518
160.05324 0.0043596688
173.391 0.0041182298
186.72877 0.0040405746
200.06654 0.0046890375
213.40431 0.0051181709
226.74208 0.0041378941
240.07985 0.0036558108
253.41762 0.0030562449
266.75539 0.0026879362
280.09316 0.0022855119
293.43093 0.0019543845
306.7687 0.0024776936
320.10647 0.0037130952
333.44424 0.0031146177
346.78201 0.0026275657
360.11978 0.0032817313
373.45755 0.002980461
386.79532 0.0023962365
400.13309 0.0020436099
413.47086 0.0017015965
426.80863 0.0014139778
440.1464 0.0011974789
453.48417 0.0010339516
466.82194 0.00091189951
480.15971 0.00076594867
493.49748 0.0011285535
506.83525 0.0032368925
520.17301 0.0015471737
533.51078 0.00095766669
546.84855 0.0018181006
560.18632 0.0032521886
573.52409 0.0018376966
586.86186 0.0009117103
600.19963 0.0011620322
613.5374 0.0014323478
626.87517 0.0019253343
640.21294 0.0021840839
653.55071 0.00210595
666.88848 0.0021541622
680.22625 0.0025760539
693.56402 0.0027943571
706.90179 0.0028292927
720.23956 0.003395334
733.57733 0.0033383398
746.9151 0.0041440773
760.25287 0.0039173375
773.59064 0.0022888419
786.92841 0.0014583068
800.26618 0.001310965
813.60395 0.001764994
826.94172 0.0024468741
840.27949 0.0033502766
853.61726 0.0046463233
866.95502 0.0068153504
880.29279 0.010268574
893.63056 0.014390474
906.96833 0.01535547
920.3061 0.013394316
933.64387 0.009966668
946.98164 0.0071457108
960.31941 0.0052842597
973.65718 0.0039206145
986.99495 0.0029915439
1000.3327 0.002387742
1013.6705 0.003252092
1027.0083 0.0056607957
1040.346 0.0044344278
1053.6838 0.0032813404
1067.0216 0.0024850199
1080.3593 0.0019861276
1093.6971 0.0015770746
1107.0349 0.0012226415
1120.3726 0.00095945873
1133.7104 0.00075587886
1147.0482 0.00068675331
1160.386 0.00080322751
1173.7237 0.0010546314
1187.0615 0.0014359458
1200.3993 0.0018538896
1213.737 0.0024056065
1227.0748 0.0030534605
1240.4126 0.0038996673
1253.7503 0.0044722027
1267.0881 0.0059218059
1280.4259 0.0082460463
1293.7637 0.012994478
1307.1014 0.013035813
1320.4392 0.015746824
1333.777 0.022066605
1347.1147 0.024498009
1360.4525 0.020677342
1373.7903 0.016046022
1387.128 0.011415522
1400.4658 0.0085791372
1413.8036 0.0075533251
1427.1413 0.010469319
1440.4791 0.0087668853
1453.8169 0.0073352023
1467.1547 0.0064587023
1480.4924 0.0058657251
1493.8302 0.0052692244
1507.168 0.0046857007
1520.5057 0.0039955096
1533.8435 0.0038442353
1547.1813 0.0059601509
1560.519 0.0049398518
1573.8568 0.0044276417
1587.1946 0.0041107133
1600.5324 0.0038904459
1613.8701 0.0037045223
1627.2079 0.0034704944
1640.5457 0.0033623448
1653.8834 0.0031919234
1667.2212 0.0030184438
1680.559 0.0028086621
1693.8967 0.0026831493
1707.2345 0.0019819385
1720.5723 0.0057971258
1733.91 0.0034690708
1747.2478 0.0030242572
1760.5856 0.0028175998
1773.9234 0.0026864945
1787.2611 0.0025921345
1800.5989 0.0025101137
1813.9367 0.0024392691
1827.2744 0.0023718702
1840.6122 0.002302099
1853.95 0.0022317034
1867.2877 0.0021632372
1880.6255 0.0021112985
1893.9633 0.0020568818
1907.3011 0.0020045409
1920.6388 0.0019487101
1933.9766 0.0018928466
1947.3144 0.001856576
1960.6521 0.0018145404
1973.9899 0.0017819977
1987.3277 0.0017380648
2000.6654 0.001705296
2014.0032 0.00166523
2027.341 0.0016188831
2040.6788 0.0015659545
2054.0165 0.0015162782
2067.3543 0.00148281
2080.6921 0.0014769004
2094.0298 0.0014784233
2107.3676 0.0014770996
2120.7054 0.0014285973
2134.0431 0.0013750344
2147.3809 0.0013262331
2160.7187 0.0012828593
2174.0564 0.0012415799
2187.3942 0.001212241
2200.732 0.0011928224
2214.0698 0.0011823288
2227.4075 0.0011675001
2240.7453 0.0011569184
2254.0831 0.0011454512
2267.4208 0.0011123978
2280.7586 0.0010750957
2294.0964 0.001035938
2307.4341 0.00099401562
2320.7719 0.00096013774
2334.1097 0.00092372711
2347.4475 0.00089344138
2360.7852 0.00085688239
2374.123 0.00082298129
2387.4608 0.00078609395
2400.7985 0.0007479225
2414.1363 0.00071042324
2427.4741 0.00067817663
2440.8118 0.00066259299
2454.1496 0.0006316092
2467.4874 0.00059212699
2480.8251 0.00055394088
2494.1629 0.00051961211
2507.5007 0.00049130796
2520.8385 0.00047054135
2534.1762 0.00045674757
2547.514 0.00045574582
2560.8518 0.00047394777
2574.1895 0.00051384574
2587.5273 0.00056016356
2600.8651 0.00060409348
2614.2028 0.00064539798
2627.5406 0.0007278674
2640.8784 0.00081351354
2654.2162 0.00091792855
2667.5539 0.00098823209
2680.8917 0.0010181882
2694.2295 0.0010732469
2707.5672 0.0011345553
2720.905 0.0012238577
2734.2428 0.0013529762
2747.5805 0.0015602871
2760.9183 0.0017903357
2774.2561 0.0020102956
2787.5938 0.0022776756
2800.9316 0.0025901147
2814.2694 0.0030326263
2827.6072 0.0036740685
2840.9449 0.004003387
2854.2827 0.004686964
2867.6205 0.0060297255
2880.9582 0.0086407927
2894.296 0.013500483
2907.6338 0.010075434
2920.9715 0.0053491051
2934.3093 0.0028165267
2947.6471 0.0034961693
2960.9849 0.0058256854
2974.3226 0.010636617
2987.6604 0.026544218
3000.9982 0.033251808
3014.3359 0.018069389
3027.6737 0.012159391
3041.0115 0.0092698214
3054.3492 0.0076311926
3067.687 0.0065889698
3081.0248 0.0058277525
3094.3626 0.00529232
3107.7003 0.0047994528
3121.0381 0.0043885114
3134.3759 0.0041027212
3147.7136 0.0038512244
3161.0514 0.0035720436
3174.3892 0.0032965788
3187.7269 0.0030491884
3201.0647 0.0028133616
3214.4025 0.0025714867
3227.7402 0.0023112151
3241.078 0.0020092609
3254.4158 0.0016677835
3267.7536 0.001311211
3281.0913 0.00082831989
3294.4291 0.0030346323
3307.7669 0.013202635
3321.1046 0.010131214
3334.4424 0.0060363716
3347.7802 0.0046445925
3361.1179 0.004011784
3374.4557 0.0036257378
3387.7935 0.0033779363
3401.1313 0.0031662738
3414.469 0.0030036752
3427.8068 0.0028604087
3441.1446 0.0028018625
3454.4823 0.0027041074
3467.8201 0.0026128667
3481.1579 0.0025371493
3494.4956 0.002470361
3507.8334 0.0024098315
3521.1712 0.0023556479
3534.5089 0.0023052268
3547.8467 0.0022591948
3561.1845 0.0022178005
3574.5223 0.0021774708
3587.86 0.0021390329
3601.1978 0.0021029335
3614.5356 0.0020682136
3627.8733 0.0020414147
3641.2111 0.0020152087
3654.5489 0.0019849294
3667.8866 0.0019570581
3681.2244 0.0019304889
3694.5622 0.0019050457
3707.9 0.0018805399
3721.2377 0.0018572194
3734.5755 0.0018345379
3747.9133 0.0018135727
3761.251 0.0017933377
3774.5888 0.0017733677
3787.9266 0.0017547796
3801.2643 0.001738409
3814.6021 0.0017223713
3827.9399 0.00170598
3841.2776 0.0016881565
3854.6154 0.0016698957
3867.9532 0.0016519219
3881.291 0.0016364148
3894.6287 0.0016254557
3907.9665 0.0016178439
3921.3043 0.0016053132
3934.642 0.0015920274
3947.9798 0.0015769414
3961.3176 0.0015641277
3974.6553 0.0015524904
3987.9931 0.0015405069
4001.3309 0.0015284192
4014.6687 0.001519922
4028.0064 0.0015089744
4041.3442 0.0014997831
4054.682 0.001490802
4068.0197 0.001477702
4081.3575 0.0014662616
4094.6953 0.0014540644
4108.033 0.001442935
4121.3708 0.0014324418
4134.7086 0.001422441
4148.0463 0.0014120799
4161.3841 0.0014024198
4174.7219 0.0013927663
4188.0597 0.0013834953
4201.3974 0.0013748004
4214.7352 0.0013663803
4228.073 0.0013578665
4241.4107 0.0013502063
4254.7485 0.0013422254
4268.0863 0.001333879
4281.424 0.0013252283
4294.7618 0.0013173688
4308.0996 0.0013102134
4321.4374 0.0013028208
4334.7751 0.0012977253
4348.1129 0.0012932828
4361.4507 0.0012860686
4374.7884 0.0012781991
4388.1262 0.0012704327
4401.464 0.0012630344
4414.8017 0.0012561454
4428.1395 0.001249613
4441.4773 0.0012429469
4454.8151 0.0012362208
4468.1528 0.0012295321
4481.4906 0.0012231191
4494.8284 0.001216799
4508.1661 0.0012105552
4521.5039 0.0012042992
4534.8417 0.0011987294
4548.1794 0.0011930695
4561.5172 0.0011870274
4574.855 0.0011812318
4588.1927 0.0011755565
4601.5305 0.0011699066
4614.8683 0.0011645117
4628.2061 0.0011591032
4641.5438 0.001153714
4654.8816 0.0011481732
4668.2194 0.0011434165
4681.5571 0.0011390731
4694.8949 0.0011339008
4708.2327 0.0011285033
4721.5704 0.0011233473
4734.9082 0.0011189893
4748.246 0.0011144322
4761.5838 0.0011093873
4774.9215 0.0011045781
4788.2593 0.0010996205
4801.5971 0.0010950858
4814.9348 0.00109052
4828.2726 0.0010858947
4841.6104 0.0010814033
4854.9481 0.0010770379
4868.2859 0.0010727403
4881.6237 0.0010683799
4894.9614 0.0010640383
4908.2992 0.0010599539
4921.637 0.0010556414
4934.9748 0.0010513911
4948.3125 0.0010473269
4961.6503 0.0010433275
4974.9881 0.0010394251
4988.3258 0.001035382
5001.6636 0.0010314577
5015.0014 0.001027485
5028.3391 0.0010239757
5041.6769 0.0010203737
5055.0147 0.0010162597
5068.3525 0.0010127109
5081.6902 0.0010089099
5095.028 0.0010052802
5108.3658 0.001001589
5121.7035 0.00099793852
5135.0413 0.00099444375
5148.3791 0.0009912171
5161.7168 0.00098743187
5175.0546 0.00098424618
5188.3924 0.0009805133
5201.7301 0.00097721738
5215.0679 0.00097366928
5228.4057 0.00097040216
5241.7435 0.00096724618
5255.0812 0.00096395727
5268.419 0.00096071186
5281.7568 0.00095749018
5295.0945 0.00095423966
5308.4323 0.00095117924
5321.7701 0.00094803446
5335.1078 0.00094481645
5348.4456 0.00094181674
5361.7834 0.00093890032
5375.1212 0.00093571944
5388.4589 0.00093289242
5401.7967 0.00092986836
5415.1345 0.00092680339
5428.4722 0.00092398921
5441.81 0.00092102708
5455.1478 0.00091826888
5468.4855 0.00091522261
5481.8233 0.00091256932
5495.1611 0.0009097209
5508.4989 0.00090695768
5521.8366 0.00090415024
5535.1744 0.0009015366
5548.5122 0.00089880352
5561.8499 0.00089601134
5575.1877 0.00089344491
5588.5255 0.00089070184
5601.8632 0.0008881041
5615.201 0.00088543677
5628.5388 0.00088295273
5641.8765 0.00088034211
5655.2143 0.00087774741
5668.5521 0.00087533922
5681.8899 0.00087277602
5695.2276 0.00087024174
5708.5654 0.00086771446
5721.9032 0.00086519058
5735.2409 0.00086282495
5748.5787 0.00086044177
5761.9165 0.00085802119
5775.2542 0.00085569897
5788.592 0.00085320091
5801.9298 0.00085098432
5815.2676 0.00084848978
5828.6053 0.00084622567
5841.9431 0.00084385251
5855.2809 0.00084160121
5868.6186 0.00083931101
5881.9564 0.00083718755
5895.2942 0.00083503964
5908.6319 0.00083272613
5921.9697 0.00083057754
5935.3075 0.00082834359
5948.6452 0.00082619155
5961.983 0.00082402535
5975.3208 0.00082175478
5988.6586 0.00081983792
6001.9963 0.00081778064
6015.3341 0.00081552069
6028.6719 0.0008135148
6042.0096 0.00081124275
6055.3474 0.00080924137
6068.6852 0.00080723254
6082.0229 0.00080528598
6095.3607 0.00080309873
6108.6985 0.00080124276
6122.0363 0.00079926933
6135.374 0.00079703064
6148.7118 0.00079529179
6162.0496 0.00079326043
6175.3873 0.00079130998
6188.7251 0.00078936597
6202.0629 0.00078743643
6215.4006 0.00078551048
6228.7384 0.00078372626
6242.0762 0.00078159978
6255.4139 0.00077985446
6268.7517 0.0007781502
6282.0895 0.00077636549
6295.4273 0.00077447377
6308.765 0.00077256381
6322.1028 0.00077065063
6335.4406 0.00076898644
6348.7783 0.00076711142
6362.1161 0.0007653069
6375.4539 0.00076371722
6388.7916 0.00076180428
6402.1294 0.00076019198
6415.4672 0.00075831873
6428.805 0.00075667628
6442.1427 0.00075487107
6455.4805 0.00075320498
6468.8183 0.0007513998
6482.156 0.00074989418
6495.4938 0.00074805578
6508.8316 0.00074646058
6522.1693 0.00074474128
6535.5071 0.00074307767
6548.8449 0.0007415468
6562.1826 0.00073995944
6575.5204 0.00073820993
6588.8582 0.0007366172
6602.196 0.00073509253
6615.5337 0.00073347108
6628.8715 0.00073190345
6642.2093 0.00073045904
6655.547 0.00072886952
6668.8848 0.00072725691
6682.2226 0.00072556914
6695.5603 0.00072413271
6708.8981 0.00072265981
6722.2359 0.00072098892
6735.5737 0.00071960097
6748.9114 0.00071821855
6762.2492 0.00071652767
6775.587 0.0007151223
6788.9247 0.00071376125
6802.2625 0.00071209343
6815.6003 0.00071063512
6828.938 0.00070916836
6842.2758 0.00070784468
6855.6136 0.00070647658
6868.9514 0.00070502748
6882.2891 0.0007036743
6895.6269 0.00070201156
6908.9647 0.00070064239
6922.3024 0.00069924124
6935.6402 0.00069787615
6948.978 0.00069658173
6962.3157 0.00069515553
6975.6535 0.00069381496
6988.9913 0.00069265248
7002.329 0.00069125044
7015.6668 0.00068974592
7029.0046 0.000688304
7042.3424 0.00068717594
7055.6801 0.0006857097
7069.0179 0.0006844924
7082.3557 0.00068322501
7095.6934 0.00068186483
7109.0312 0.00068045082
7122.369 0.00067918537
7135.7067 0.00067796983
7149.0445 0.000676604
7162.3823 0.00067523932
7175.7201 0.00067406088
7189.0578 0.00067291679
7202.3956 0.00067156206
7215.7334 0.00067045086
7229.0711 0.00066913449
7242.4089 0.00066797909
7255.7467 0.00066662719
7269.0844 0.00066544573
7282.4222 0.00066420157
7295.76 0.00066310524
7309.0977 0.0006618339
7322.4355 0.00066054238
7335.7733 0.00065934405
7349.1111 0.00065824739
7362.4488 0.00065703746
7375.7866 0.00065591552
7389.1244 0.00065467735
7402.4621 0.00065346494
7415.7999 0.00065224041
7429.1377 0.00065121712
7442.4754 0.00065018254
7455.8132 0.00064903141
7469.151 0.00064785321
7482.4888 0.00064664319
7495.8265 0.00064558797
7509.1643 0.00064453637
7522.5021 0.00064346835
7535.8398 0.0006422767
7549.1776 0.00064117334
7562.5154 0.00064020164
7575.8531 0.00063907684
7589.1909 0.00063786366
7602.5287 0.00063684577
7615.8664 0.00063563133
7629.2042 0.00063466126
7642.542 0.00063367228
7655.8798 0.00063248318
7669.2175 0.00063148398
7682.5553 0.00063055273
7695.8931 0.00062937605
7709.2308 0.00062839834
7722.5686 0.00062738133
7735.9064 0.00062638735
7749.2441 0.00062534953
7762.5819 0.00062417319
7775.9197 0.00062311224
7789.2575 0.00062209692
7802.5952 0.00062128599
7815.933 0.00062015599
7829.2708 0.00061910231
7842.6085 0.0006182469
7855.9463 0.00061727614
7869.2841 0.00061622657
7882.6218 0.00061520505
7895.9596 0.00061434093
7909.2974 0.00061338941
7922.6352 0.00061231783
7935.9729 0.00061137508
7949.3107 0.00061045836
7962.6485 0.00060941647
7975.9862 0.0006085375
7989.324 0.00060747894
8002.6618 0.00060666191
8015.9995 0.00060558808
8029.3373 0.00060477194
8042.6751 0.00060387885
8056.0128 0.00060309718
8069.3506 0.0006020016
8082.6884 0.00060123442
8096.0262 0.000600202
8109.3639 0.00059937978
8122.7017 0.00059846471
8136.0395 0.00059747484
8149.3772 0.00059656738
8162.715 0.00059574764
8176.0528 0.00059494329
8189.3905 0.0005938904
8202.7283 0.00059315493
8216.0661 0.00059226126
8229.4039 0.00059118666
8242.7416 0.00059048919
8256.0794 0.000589639
8269.4172 0.00058887598
8282.7549 0.00058775271
8296.0927 0.0005869921
8309.4305 0.00058627139
8322.7682 0.00058531039
8336.106 0.00058445972
8349.4438 0.00058362926
8362.7815 0.00058282363
8376.1193 0.00058206186
8389.4571 0.00058114211
8402.7949 0.00058038911
8416.1326 0.00057944796
8429.4704 0.00057881774
8442.8082 0.00057792771
8456.1459 0.0005770595
8469.4837 0.00057630035
8482.8215 0.00057555185
8496.1592 0.0005747323
8509.497 0.00057382583
8522.8348 0.00057305536
8536.1726 0.00057218744
8549.5103 0.0005716654
8562.8481 0.00057073921
8576.1859 0.00057017506
8589.5236 0.00056917209
8602.8614 0.00056849439
8616.1992 0.00056762878
8629.5369 0.00056684642
8642.8747 0.00056611478
8656.2125 0.00056539629
8669.5502 0.00056474354
8682.888 0.00056381459
8696.2258 0.00056320297
8709.5636 0.00056226632
8722.9013 0.0005616306
8736.2391 0.00056084976
8749.5769 0.00056020573
8762.9146 0.00055942673
8776.2524 0.00055874681
8789.5902 0.00055788187
8802.9279 0.00055716784
8816.2657 0.00055658465
8829.6035 0.0005557508
8842.9413 0.00055518324
8856.279 0.00055422165
8869.6168 0.00055370356
8882.9546 0.00055292359
8896.2923 0.00055223346
8909.6301 0.00055149364
8922.9679 0.00055106863
8936.3056 0.00055009212
8949.6434 0.00054948608
8962.9812 0.00054888465
8976.3189 0.00054802556
8989.6567 0.00054728249
9002.9945 0.00054655149
9016.3323 0.00054600623
9029.67 0.0005452598
9043.0078 0.00054483227
9056.3456 0.00054396282
9069.6833 0.00054334961
9083.0211 0.00054267122
9096.3589 0.00054199189
9109.6966 0.00054135585
9123.0344 0.00054062046
9136.3722 0.00054005644
9149.71 0.00053926182
9163.0477 0.00053873979
9176.3855 0.00053815807
9189.7233 0.00053739929
9203.061 0.00053684912
9216.3988 0.00053621121
9229.7366 0.00053549053
9243.0743 0.00053490671
9256.4121 0.00053420018
9269.7499 0.00053356467
9283.0877 0.00053307038
9296.4254 0.00053247932
9309.7632 0.00053168332
9323.101 0.00053111104
9336.4387 0.00053056302
9349.7765 0.00053009406
9363.1143 0.00052941852
9376.452 0.00052865925
9389.7898 0.00052812782
9403.1276 0.00052760153
9416.4653 0.00052702208
9429.8031 0.00052635315
9443.1409 0.00052576647
9456.4787 0.00052508173
9469.8164 0.00052454127
9483.1542 0.00052387486
9496.492 0.00052316306
9509.8297 0.00052295038
9523.1675 0.00052214059
9536.5053 0.00052152788
9549.843 0.00052107792
9563.1808 0.00052033656
9576.5186 0.00052011531
9589.8564 0.00051917577
9603.1941 0.00051863928
9616.5319 0.00051820084
9629.8697 0.00051772204
9643.2074 0.00051696501
9656.5452 0.00051657863
9669.883 0.00051582735
9683.2207 0.00051532802
9696.5585 0.00051474496
9709.8963 0.00051424579
9723.234 0.00051371299
9736.5718 0.00051311064
9749.9096 0.00051272809
9763.2474 0.00051198466
9776.5851 0.00051160597
9789.9229 0.00051084176
9803.2607 0.00051046722
9816.5984 0.00050971975
9829.9362 0.00050943628
9843.274 0.00050888216
9856.6117 0.00050827933
9869.9495 0.0005079416
9883.2873 0.00050725218
9896.6251 0.00050669101
9909.9628 0.0005061777
9923.3006 0.00050578205
9936.6384 0.00050514479
9949.9761 0.00050474066
9963.3139 0.00050424903
9976.6517 0.00050359124
9989.9894 0.00050317752
10003.327 0.00050261279
10016.665 0.00050211115
10030.003 0.00050163231
10043.341 0.00050114813
10056.678 0.00050048373
10070.016 0.00049992856
10083.354 0.00049963264
10096.692 0.0004991068
10110.029 0.00049857176
10123.367 0.00049830256
10136.705 0.00049775891
10150.043 0.00049719166
10163.38 0.0004966266
10176.718 0.00049611672
10190.056 0.00049581603
10203.394 0.00049520722
10216.732 0.0004948371
10230.069 0.00049427034
10243.407 0.00049383493
10256.745 0.00049315591
10270.083 0.00049289144
10283.42 0.00049245721
10296.758 0.00049199861
10310.096 0.00049138146
10323.434 0.00049097777
10336.771 0.00049047322
10350.109 0.00049005877
10363.447 0.0004896922
10376.785 0.0004890236
10390.123 0.00048863866
10403.46 0.00048837736
10416.798 0.00048789806
10430.136 0.00048746275
10443.474 0.0004868796
10456.811 0.00048631375
10470.149 0.00048594066
10483.487 0.00048556666
10496.825 0.00048517419
10510.162 0.00048468908
10523.5 0.00048424207
10536.838 0.00048373487
10550.176 0.00048336661
10563.514 0.00048304297
10576.851 0.00048259305
10590.189 0.00048211661
10603.527 0.00048171112
10616.865 0.00048136622
10630.202 0.00048085886
10643.54 0.00048055307
10656.878 0.00048005954
10670.216 0.00047966165
10683.553 0.00047916779
10696.891 0.00047870449
10710.229 0.0004781606
10723.567 0.00047786236
10736.905 0.00047761352
10750.242 0.00047719435
10763.58 0.00047653051
10776.918 0.00047631231
10790.256 0.00047585221
10803.593 0.0004753974
10816.931 0.000475114
10830.269 0.00047471271
10843.607 0.00047431469
10856.944 0.000473753
10870.282 0.00047358446
10883.62 0.00047309076
10896.958 0.000472738
10910.296 0.00047232564
10923.633 0.00047191336
10936.971 0.00047160875
10950.309 0.00047128958
10963.647 0.00047061789
10976.984 0.00047025861
10990.322 0.00047002137
11003.66 0.00046976158
11016.998 0.00046935352
11030.335 0.00046875035
11043.673 0.00046855415
11057.011 0.0004679788
11070.349 0.00046776525
11083.687 0.00046728039
11097.024 0.00046700604
11110.362 0.00046660965
11123.7 0.00046639436
11137.038 0.00046604183
11150.375 0.00046544881
11163.713 0.00046523941
11177.051 0.00046474453
11190.389 0.00046426049
11203.726 0.00046404656
11217.064 0.00046351513
11230.402 0.00046338476
11243.74 0.00046290732
11257.078 0.00046269308
11270.415 0.00046240253
11283.753 0.0004621136
11297.091 0.00046164024
11310.429 0.00046117464
11323.766 0.00046088133
11337.104 0.00046058595
11350.442 0.00046013183
11363.78 0.00045992324
11377.117 0.00045946958
11390.455 0.0004590771
11403.793 0.00045864583
11417.131 0.00045848371
11430.469 0.00045813099
11443.806 0.00045785046
11457.144 0.00045746864
11470.482 0.00045724121
11483.82 0.00045686357
11497.157 0.00045647526
11510.495 0.00045622954
11523.833 0.00045584049
11537.171 0.00045548142
11550.508 0.00045513812
11563.846 0.00045485319
11577.184 0.00045469105
11590.522 0.00045425716
11603.86 0.00045394252
11617.197 0.00045350918
11630.535 0.00045328192
11643.873 0.000452977
11657.211 0.00045261251
11670.548 0.00045231568
11683.886 0.00045198441
11697.224 0.00045180122
11710.562 0.00045144262
11723.899 0.00045104756
11737.237 0.00045058701
11750.575 0.00045043479
11763.913 0.00045034802
11777.251 0.0004499357
11790.588 0.00044950704
11803.926 0.00044930293
11817.264 0.00044896907
11830.602 0.00044855684
11843.939 0.0004483294
11857.277 0.00044812794
11870.615 0.00044776402
11883.953 0.00044741591
11897.29 0.00044715247
11910.628 0.00044684586
11923.966 0.00044656278
11937.304 0.00044617251
11950.642 0.00044596221
11963.979 0.00044573852
11977.317 0.0004454061
11990.655 0.00044500133
12003.993 0.00044485443
12017.33 0.00044450761
12030.668 0.00044431868
12044.006 0.00044404098
12057.344 0.00044383735
12070.682 0.00044355162
12084.019 0.00044325895
12097.357 0.00044296978
12110.695 0.00044263252
12124.033 0.00044227782
12137.37 0.00044223246
12150.708 0.00044171563
12164.046 0.00044156997
12177.384 0.00044122128
12190.721 0.00044113791
12204.059 0.00044068145
12217.397 0.00044044033
12230.735 0.0004401726
12244.073 0.00043994848
12257.41 0.00043960813
12270.748 0.00043930427
12284.086 0.00043930357
12297.424 0.00043873421
12310.761 0.0004385732
12324.099 0.00043835882
12337.437 0.0004381679
12350.775 0.0004379119
12364.112 0.00043753704
12377.45 0.00043744826
12390.788 0.00043713738
12404.126 0.00043672886
12417.464 0.00043669724
12430.801 0.00043633619
12444.139 0.00043622135
12457.477 0.00043585848
12470.815 0.00043556234
12484.152 0.00043544753
12497.49 0.00043512537
12510.828 0.00043497029
12524.166 0.0004345345
12537.503 0.00043429773
12550.841 0.00043410221
12564.179 0.00043395388
12577.517 0.00043353
12590.855 0.0004333126
12604.192 0.00043314182
12617.53 0.0004329667
12630.868 0.00043279372
12644.206 0.00043254373
12657.543 0.00043213675
12670.881 0.00043193
12684.219 0.00043181934
12697.557 0.0004315875
12710.894 0.00043134767
12724.232 0.00043101684
12737.57 0.00043087889
12750.908 0.00043088693
12764.246 0.00043040078
12777.583 0.00043014225
12790.921 0.00042983351
12804.259 0.00042979975
12817.597 0.00042953221
12830.934 0.00042937217
12844.272 0.00042912006
12857.61 0.00042893055
12870.948 0.00042855438
12884.285 0.00042845751
12897.623 0.0004281586
12910.961 0.0004279705
12924.299 0.0004276743
12937.637 0.00042748538
12950.974 0.00042746533
12964.312 0.00042701315
12977.65 0.00042698895
12990.988 0.0004268637
13004.325 0.0004266264
13017.663 0.00042636963
13031.001 0.00042614456
13044.339 0.00042591127
13057.676 0.00042580658
13071.014 0.00042544732
13084.352 0.00042522962
13097.69 0.00042518285
13111.028 0.00042500496
13124.365 0.00042468482
13137.703 0.00042455353
13151.041 0.00042418033
13164.379 0.00042418708
13177.716 0.00042389327
13191.054 0.00042368931
13204.392 0.00042342385
13217.73 0.00042311646
13231.067 0.00042298803
13244.405 0.00042297895
13257.743 0.00042271872
13271.081 0.00042258565
13284.419 0.00042241374
13297.756 0.00042220411
13311.094 0.00042198443
13324.432 0.00042184972
13337.77 0.00042167031
13351.107 0.00042139434
13364.445 0.00042117475
13377.783 0.00042123604
13391.121 0.00042086972
13404.458 0.000420673
13417.796 0.00042061206
13431.134 0.00042032503
13444.472 0.00042019324
13457.81 0.00042008164
13471.147 0.00041975811
13484.485 0.0004197109
13497.823 0.00041943645
13511.161 0.00041940126
13524.498 0.00041902426
13537.836 0.00041904699
13551.174 0.00041882172
13564.512 0.000418655
13577.849 0.00041845173
13591.187 0.00041817556
13604.525 0.00041819765
13617.863 0.00041792321
13631.201 0.00041778152
13644.538 0.00041760157
13657.876 0.00041745262
13671.214 0.00041729964
13684.552 0.00041712726
13697.889 0.0004170068
13711.227 0.00041682088
13724.565 0.00041669126
13737.903 0.00041642607
13751.24 0.00041622927
13764.578 0.00041615952
13777.916 0.00041595686
13791.254 0.00041592072
13804.592 0.0004156757
13817.929 0.0004156105
13831.267 0.0004154237
13844.605 0.00041528486
13857.943 0.00041511403
13871.28 0.00041486669
13884.618 0.00041478623
13897.956 0.00041453686
13911.294 0.00041449706
13924.631 0.00041425194
13937.969 0.00041403947
13951.307 0.00041400005
13964.645 0.00041395027
13977.983 0.00041390888
13991.32 0.00041365841
14004.658 0.00041335264
14017.996 0.00041334498
14031.334 0.00041314032
14044.671 0.0004130741
14058.009 0.00041288618
14071.347 0.00041274823
14084.685 0.00041269771
14098.022 0.00041249877
14111.36 0.00041250437
14124.698 0.0004123328
14138.036 0.00041202663
14151.374 0.00041189039
14164.711 0.0004117963
14178.049 0.00041173948
14191.387 0.00041163038
14204.725 0.0004114469
14218.062 0.00041126187
14231.4 0.0004112397
14244.738 0.00041098333
14258.076 0.00041087851
14271.413 0.00041086696
14284.751 0.00041081244
14298.089 0.00041043777
14311.427 0.00041027552
14324.765 0.00041025616
14338.102 0.00041004212
14351.44 0.00041012233
14364.778 0.0004099581
14378.116 0.00040972614
14391.453 0.00040967896
14404.791 0.00040959785
14418.129 0.00040943282
14431.467 0.00040939937
14444.804 0.0004090802
14458.142 0.00040907914
14471.48 0.00040906466
14484.818 0.00040870449
14498.156 0.00040884111
14511.493 0.0004085606
14524.831 0.00040837574
14538.169 0.00040832446
14551.507 0.00040824829
14564.844 0.00040828842
14578.182 0.00040793281
14591.52 0.00040790254
14604.858 0.00040787111
14618.195 0.00040770983
14631.533 0.00040763938
14644.871 0.00040757771
14658.209 0.0004073784
14671.547 0.00040708125
14684.884 0.00040731842
14698.222 0.0004070341
14711.56 0.0004069852
14724.898 0.00040693669
14738.235 0.00040674825
14751.573 0.00040668582
14764.911 0.00040667957
14778.249 0.00040655939
14791.587 0.00040637336
14804.924 0.00040634149
14818.262 0.00040618446
14831.6 0.00040615333
14844.938 0.00040576304
14858.275 0.00040589013
14871.613 0.00040573914
14884.951 0.00040556949
14898.289 0.00040560036
14911.626 0.00040565769
14924.964 0.00040535417
14938.302 0.0004053711
14951.64 0.00040535225
14964.978 0.00040523417
14978.315 0.00040518148
14991.653 0.00040511851
15004.991 0.00040501774
15018.329 0.00040495085
15031.666 0.00040478617
15045.004 0.00040464354
15058.342 0.00040459477
15071.68 0.00040454588
15085.017 0.00040456012
15098.355 0.00040435271
15111.693 0.00040435043
15125.031 0.00040402966
15138.369 0.00040402068
15151.706 0.00040401895
15165.044 0.00040394017
15178.382 0.00040390551
15191.72 0.00040400552
15205.057 0.00040366466
15218.395 0.00040364848
15231.733 0.00040359503
15245.071 0.00040340889
15258.408 0.00040352608
15271.746 0.00040341232
15285.084 0.00040350846
15298.422 0.00040323854
15311.76 0.00040301883
15325.097 0.00040309504
15338.435 0.00040300355
15351.773 0.00040302201
15365.111 0.00040292633
15378.448 0.00040274461
15391.786 0.00040271456
15405.124 0.00040255267
15418.462 0.00040272389
15431.799 0.00040245598
15445.137 0.00040253811
15458.475 0.00040242337
15471.813 0.00040248946
15485.151 0.00040221347
15498.488 0.0004021653
15511.826 0.00040235733
15525.164 0.00040213383
15538.502 0.00040205602
15551.839 0.00040195292
15565.177 0.00040196215
15578.515 0.00040189733
15591.853 0.00040195989
15605.19 0.00040162126
15618.528 0.00040157018
15631.866 0.00040150398
15645.204 0.00040155678
15658.542 0.00040163895
15671.879 0.00040146848
15685.217 0.00040146734
15698.555 0.00040147901
15711.893 0.00040141477
15725.23 0.00040138483
15738.568 0.0004011569
15751.906 0.00040122396
15765.244 0.00040116928
15778.581 0.00040124501
15791.919 0.00040100075
15805.257 0.00040095989
15818.595 0.00040102121
15831.933 0.00040095284
15845.27 0.00040079329
15858.608 0.00040097965
15871.946 0.00040077282
15885.284 0.00040090571
15898.621 0.00040055093
15911.959 0.00040091142
15925.297 0.00040069588
15938.635 0.00040057839
15951.972 0.00040058886
15965.31 0.00040059023
15978.648 0.00040044168
15991.986 0.00040043178
16005.324 0.00040048332
16018.661 0.00040033701
16031.999 0.00040037161
16045.337 0.00040033723
16058.675 0.00040037426
16072.012 0.00040026166
16085.35 0.0004002694
16098.688 0.00040022404
16112.026 0.00040021538
16125.363 0.0004000568
16138.701 0.00040018836
16152.039 0.00040002868
16165.377 0.0004001293
16178.715 0.00040011519
16192.052 0.00039999666
16205.39 0.00040009665
16218.728 0.00040000622
16232.066 0.00039992019
16245.403 0.00040000296
16258.741 0.00039986212
16272.079 0.00039992244
16285.417 0.00039977496
16298.754 0.00039982435
16312.092 0.00039995888
16325.43 0.00039982085
16338.768 0.00039977903
16352.106 0.00039973646
16365.443 0.000399897
16378.781 0.00039972505
16392.119 0.00039958695
16405.457 0.00039981123
16418.794 0.00039974638
16432.132 0.00039969449
16445.47 0.00039970636
16458.808 0.00039969286
16472.145 0.00039963112
16485.483 0.00039969172
16498.821 0.00039973743
16512.159 0.00039958772
16525.497 0.00039961251
16538.834 0.00039963758
16552.172 0.00039963911
16565.51 0.00039955256
16578.848 0.00039975609
16592.185 0.0003995907
16605.523 0.0003996101
16618.861 0.00039954588
16632.199 0.00039962958
16645.536 0.00039960259
16658.874 0.00039958639

