nm200_md4_100ps.dat
table.dat
eg_1.dat
egv_1.dat
0
1
200
12
-0.18   12.011   3.50000e-01  2.76144e-01
 0.06    1.008   2.50000e-01  1.25520e-01
 0.06    1.008   2.50000e-01  1.25520e-01
 0.06    1.008   2.50000e-01  1.25520e-01
 0.5    12.011   3.75000e-01  4.39320e-01
-0.5    15.9994  2.96000e-01  8.78640e-01
-0.5    14.0067  3.25000e-01  7.11280e-01
 0.02   12.011   3.50000e-01  2.76144e-01
 0.06    1.008   2.50000e-01  1.25520e-01
 0.06    1.008   2.50000e-01  1.25520e-01
 0.06    1.008   2.50000e-01  1.25520e-01
 0.3     1.008   0.00000e+00  0.00000e+00
1 1 1 1 1 1 1 1 0 0 0 1
1 1 1 1 1 1 1 0 0 0 0 0
1 1 1 1 1 1 1 0 0 0 0 0
1 1 1 1 1 1 1 0 0 0 0 0
1 1 1 1 1 1 1 1 1 1 1 1
1 1 1 1 1 1 1 1 0 0 0 1
1 1 1 1 1 1 1 1 1 1 1 1
1 0 0 0 1 1 1 1 1 1 1 1
0 0 0 0 1 0 1 1 1 1 1 1
0 0 0 0 1 0 1 1 1 1 1 1
0 0 0 0 1 0 1 1 1 1 1 1
1 0 0 0 1 1 1 1 1 1 1 1
